0	0	0.0	0.0	0.0	0.0
18.0625	12.0	0.475328947368	0.315789473684	0.573098162304	0.566859453383
12.0	35.8125	0.292682926829	0.873475609756	0.505766862276	0.898899204523
12.25	15.5	0.291666666667	0.369047619048	0.566727937864	0.880067122775
13.875	5.5625	0.4625	0.185416666667	0.754948949709	0.592593903717
12.5	10.25	0.367647058824	0.301470588235	0.689296567368	0.580882352941
3.75	6.0	0.163043478261	0.260869565217	0.373065267429	0.507970497633
9.5	7.0	0.365384615385	0.269230769231	0.51061223259	0.443560099795
16.5	19.0	0.323529411765	0.372549019608	0.662907509976	0.592792802268
32.375	17.0	0.622596153846	0.326923076923	0.867235600577	0.570800849218
27.25	14.0	0.664634146341	0.341463414634	0.916664413315	0.609268097405
15.5	12.0	0.455882352941	0.352941176471	0.796293315922	0.722835631026
34.5	16.0	1.725	0.8	5.8276817861	1.50332963784
19.75	15.0	0.379807692308	0.288461538462	0.669547753179	0.540175842507
8.5	6.0	0.404761904762	0.285714285714	0.609821355946	0.568444589824
14.5	16.0	0.345238095238	0.380952380952	0.659076692175	0.564943357986
9.25	12.25	0.264285714286	0.35	0.612205781063	0.592211352234
4.5	3.25	0.409090909091	0.295454545455	0.556702214269	0.486384876342
8.0	0.5	0.727272727273	0.0454545454545	0.652395458837	0.143739893644
14.0	15.75	0.933333333333	1.05	1.33998341615	2.96113716895
6.5	9.5	0.342105263158	0.5	0.608116842542	0.538027586849
24.0	12.0	0.615384615385	0.307692307692	0.737820234356	0.646642062201
19.5	5.5	0.847826086957	0.239130434783	1.5703418529	0.463201646797
4.0	8.0	0.307692307692	0.615384615385	0.573064016375	0.923076923077
11.5	7.0	0.383333333333	0.233333333333	0.7033649282	0.558768487141
11.0	13.5	0.44	0.54	0.752595508889	0.978979060042
10.0	4.125	0.714285714286	0.294642857143	0.795394908976	0.622507786198
10.0	10.5	0.454545454545	0.477272727273	0.497929597732	0.64802624679
13.75	11.5	0.509259259259	0.425925925926	0.6472215599	0.754047150796
17.25	13.5	0.392045454545	0.306818181818	0.662291406425	0.524576767617
8.875	7.25	0.682692307692	0.557692307692	1.02212940507	0.785406840641
12.0	11.0	0.6	0.55	0.644204936336	0.804673846972
5.75	7.5	0.442307692308	0.576923076923	0.694441157126	0.674997260569
10.0	9.0	0.769230769231	0.692307692308	1.32455195059	1.48762150814
25.0	10.75	0.925925925926	0.398148148148	1.0337248694	0.707954994578
14.5	4.0	0.659090909091	0.181818181818	0.774396592609	0.489560437012
32.25	14.25	0.52868852459	0.233606557377	0.762999850482	0.531524355307
23.25	18.0	0.628378378378	0.486486486486	0.950855982824	0.940719150484
6.0	22.875	0.176470588235	0.672794117647	0.381220041083	1.38399952778
5.0	5.5625	0.384615384615	0.427884615385	0.737820234356	0.548076923077
35.5	31.5	0.633928571429	0.5625	1.14755590989	1.0342893523
6.5	6.0	0.65	0.6	1.05	1.2
5.75	2.0	0.302631578947	0.105263157895	0.516688260949	0.306892204992
5.0	2.5	0.3125	0.15625	0.658478359553	0.413398642354
8.5	3.0	0.386363636364	0.136363636364	0.737499124527	0.343174292512
12.5	2.0	1.25	0.2	1.3647344064	0.4
13.75	6.0	0.491071428571	0.214285714286	0.669761894182	0.410325903324
18.0	7.75	1.0	0.430555555556	1.22190652488	0.75372019729
19.5	8.0	0.722222222222	0.296296296296	1.13922759191	0.597204277652
21.0	13.0	0.466666666667	0.288888888889	0.819213715163	0.619039478986
14.0	13.0	0.538461538462	0.5	0.979826092527	0.746787993806
5.75	3.0	0.338235294118	0.176470588235	0.535100158784	0.512811640417
3.5	3.0	0.4375	0.375	0.582961190818	0.484122918276
2.0	6.875	0.25	0.859375	0.661437827766	1.68104959307
7.0	2.0	0.368421052632	0.105263157895	0.558242195674	0.306892204992
18.0	7.5	0.5625	0.234375	0.704339229349	0.450422978294
7.0625	1.0	0.642045454545	0.0909090909091	0.614740168857	0.287479787288
12.5	5.0	0.446428571429	0.178571428571	0.659264819356	0.467024886808
10.5	4.0	0.4375	0.166666666667	0.726184377414	0.471404520791
16.375	5.5	0.409375	0.1375	0.669647470222	0.370599177009
10.5	3.0	0.45652173913	0.130434782609	0.735926559992	0.33678116054
27.75	9.0	0.616666666667	0.2	0.979795897113	0.439696865276
17.5	4.5	0.875	0.225	0.668487097856	0.460298815988
13.0	6.0	0.52	0.24	0.607947366143	0.512249938995
3.0	3.0	0.5	0.5	0.707106781187	0.5
7.5	7.0	0.416666666667	0.388888888889	0.786165094338	0.825892708184
7.5	5.625	0.340909090909	0.255681818182	0.663776448478	0.672593851941
13.5	4.25	0.45	0.141666666667	0.623832242407	0.363337155943
10.0	14.5	0.4	0.58	0.734846922835	0.81767964387
13.5	16.75	0.158823529412	0.197058823529	0.448604140351	0.48973900259
14.5	9.5	0.725	0.475	0.980752262297	0.580409338312
16.25	4.25	0.70652173913	0.184782608696	0.898828264758	0.501180081887
13.0	6.25	0.65	0.3125	1.21552457811	0.574864114378
1	4	0.166666666667	0.666666666667	0.37267799625	1.10554159679
7.0	8.5	0.21875	0.265625	0.598663876896	0.467446103177
11.5	11.0	0.442307692308	0.423076923077	0.800563780635	0.729756383116
15.0	6.0	0.576923076923	0.230769230769	0.702910264711	0.653846153846
22.25	4.5	1.01136363636	0.204545454545	1.92542390953	0.651206762813
8.5	6.0	0.293103448276	0.206896551724	0.846058216992	0.48275862069
5.0	1.0	0.185185185185	0.037037037037	0.411594643905	0.188852574578
9.25	2.0	0.660714285714	0.142857142857	0.904389804436	0.349927106112
9.0	2.0	0.6	0.133333333333	0.583095189485	0.33993463424
15.5	3.0	0.673913043478	0.130434782609	1.01733556146	0.611793359977
10.5	4.0	0.875	0.333333333333	1.22686932203	0.849836585599
25.0	22.0	0.446428571429	0.392857142857	0.666002007106	0.64409602846
4	5	0.190476190476	0.238095238095	0.392676726249	0.609821355946
7.25	6.25	0.659090909091	0.568181818182	1.15931370408	0.67496556386
12.5	3.0	0.480769230769	0.115384615385	0.671977123448	0.319485533189
11	17	0.282051282051	0.435897435897	0.552324595604	0.708732049286
11.5	10.75	0.884615384615	0.826923076923	1.29946506973	1.06691780821
36.0	19.0	0.5	0.263888888889	0.690963497991	0.577183187644
12.5	5.25	0.892857142857	0.375	0.686049025439	0.63210250073
23.6875	10.25	0.394791666667	0.170833333333	0.812619515782	0.383220091969
9.0	10.0	0.290322580645	0.322580645161	0.504403089391	0.963431259553
13.0	4.0	0.619047619048	0.190476190476	0.843811673651	0.499432784843
24.5	5.0	0.98	0.2	1.17029910707	0.632455532034
11.0	3.0	0.611111111111	0.166666666667	0.808901098809	0.37267799625
17.625	23.25	0.42987804878	0.567073170732	0.711431473317	1.09742546589
25.125	14.3125	0.644230769231	0.366987179487	1.17005179507	0.630453687752
25.875	10.0	0.663461538462	0.25641025641	0.84312540802	0.491880156237
10.0	3.25	0.47619047619	0.154761904762	0.747634212767	0.381695703378
11.0	9.0	0.52380952381	0.428571428571	0.64505796115	0.641533027872
53.5	57.0	0.519417475728	0.553398058252	1.20460751796	1.37357626442
18.75	5.0	0.551470588235	0.147058823529	0.931040317422	0.354164546435
25.25	8.0	0.615853658537	0.19512195122	0.940448713893	0.440039476894
20.0	12.0	0.689655172414	0.413793103448	1.0456296	0.881505036632
4.5	1.5	0.375	0.125	0.544862367943	0.414578098794
19.75	14.5	0.359090909091	0.263636363636	0.683845470921	0.578827541081
14.5	15.0	0.483333333333	0.5	1.00401969879	1.0246950766
31.75	18.75	0.488461538462	0.288461538462	0.834854627178	0.549878953867
10.25	1.0	0.931818181818	0.0909090909091	0.67496556386	0.287479787288
36.75	4.0	1.47	0.16	1.48882504009	0.463033476112
2.25	8.0	0.15	0.533333333333	0.385140666943	0.884433277428
31.25	20.5	0.496031746032	0.325396825397	0.820728556876	0.590323627671
16.25	21.75	0.3125	0.418269230769	0.808421717346	0.540924142108
46.5	30.625	0.540697674419	0.356104651163	0.7518006148	0.715159114334
17.75	11.0	0.612068965517	0.379310344828	1.21695317483	0.651988634524
29.0	18.0	0.397260273973	0.246575342466	0.843828945001	0.476310647965
23.25	12.75	0.465	0.255	0.696437362582	0.480858607077
29.0	26.0	0.475409836066	0.426229508197	0.763813928441	1.0590595332
13.5	9.875	0.45	0.329166666667	0.582380173655	0.697079722047
25.5	11.0	0.566666666667	0.244444444444	0.742368581711	0.523048990931
12.0	7.0	0.413793103448	0.241379310345	0.670421451559	0.566609542247
26.75	19.0	0.356666666667	0.253333333333	0.574707655151	0.492431608337
25.0	6.0	0.555555555556	0.133333333333	0.722435865836	0.4
9.0	5.75	0.375	0.239583333333	0.599478940414	0.556585416975
13.0	12.0	0.302325581395	0.279069767442	0.630056613216	0.573669599235
11.5	15.25	0.348484848485	0.462121212121	0.656954042081	1.10803062417
10.75	7.0	0.43	0.28	0.536283507112	0.448998886413
18.0	8.0	0.6	0.266666666667	0.708872343938	0.512076383191
16.75	15.0	0.465277777778	0.416666666667	0.707481786617	0.682112730989
15.625	16.25	0.339673913043	0.353260869565	0.608289120844	0.664667469484
4.0	14.5	0.16	0.58	0.366606055596	0.792842985717
7.5	19.0	0.214285714286	0.542857142857	0.435655733771	0.730669248717
5.5	12.0	0.261904761905	0.571428571429	0.569440987767	0.711900780368
13.0	6.25	0.684210526316	0.328947368421	1.01580310872	0.778209109612
16.25	9.25	0.580357142857	0.330357142857	0.684827831037	0.482060178096
12.5	12.0	0.446428571429	0.428571428571	0.69871419809	1.04124140979
2	10	0.222222222222	1.11111111111	0.415739709642	0.99380799
6.75	1.0	0.613636363636	0.0909090909091	0.685595596773	0.287479787288
7.0	2.0	0.368421052632	0.105263157895	0.645676007704	0.306892204992
19.75	16.75	0.598484848485	0.507575757576	0.825583801565	0.875778546462
23.8125	16.5	0.50664893617	0.351063829787	0.748695013005	0.691243818925
19.0	9.5	0.475	0.2375	0.621992765231	0.447038868556
10.5	5.5	0.4375	0.229166666667	0.650520624833	0.539659743625
12.5	7.0	0.595238095238	0.333333333333	0.796107309395	0.7126966451
29.25	25.0	0.39527027027	0.337837837838	0.626021808991	0.552072924752
20.25	15.0	0.45	0.333333333333	0.744610263456	0.69920589878
11.5	5.0	0.370967741935	0.161290322581	0.608643944004	0.446980853566
14.25	19.0	0.323863636364	0.431818181818	0.552832441774	0.687476521012
7.0	5.25	0.7	0.525	0.781024967591	0.990265116017
10.25	12.0	0.427083333333	0.5	1.22363692588	1.80277563773
2	3	0.2	0.3	0.4	0.458257569496
20.0	4.0	0.526315789474	0.105263157895	0.722726639203	0.306892204992
9.0	10.75	0.28125	0.3359375	0.466662016346	0.578283339803
3	3	0.6	0.6	0.489897948557	1.2
3.0	6.5	0.25	0.541666666667	0.559016994375	0.802556678511
13.75	4.25	0.763888888889	0.236111111111	1.02899702456	0.395040629259
23.0	12.0	0.34328358209	0.179104477612	0.525179111052	0.420567247869
4.0	10.5	0.121212121212	0.318181818182	0.326373624675	0.625447498198
20.25	5.0	1.0125	0.25	1.23611033084	0.433012701892
15.375	10.0	0.569444444444	0.37037037037	0.718741612941	0.727662322385
5.5	11.0	0.25	0.5	0.470734435846	0.564076074818
19.5	6.5	1.3	0.433333333333	2.15096877399	0.703957069398
10.25	3.0	1.025	0.3	0.778219120814	0.458257569496
21.25	14.0	0.590277777778	0.388888888889	1.14284121117	0.890623307882
3.5	4.5	0.291666666667	0.375	0.518745816583	0.739509972887
3.5	1.0	0.35	0.1	0.55	0.3
7.0625	2.0	0.8828125	0.25	1.04509526891	0.433012701892
8.5	6.5	0.265625	0.203125	0.530099857928	0.46535226912
6.0	10.5	0.285714285714	0.5	0.547101204432	0.755928946018
12.0	5.0	0.413793103448	0.172413793103	0.602708906653	0.377739694831
14	1	1.27272727273	0.0909090909091	1.65644246894	0.287479787288
13.75	5.25	0.654761904762	0.25	1.20632309913	0.566946709514
19.25	4.0	1.01315789474	0.210526315789	1.26821902737	0.69425820833
8.0	5.0	0.5	0.3125	0.744773455488	0.463512405443
5.0	5.5	0.416666666667	0.458333333333	1.01721296798	0.690963497991
1.5	7.5	0.075	0.375	0.326917420766	0.72240916384
7	3	0.5	0.214285714286	0.626783170528	0.410325903324
2	2	0.2	0.2	0.4	0.6
5.25	2.0	0.375	0.142857142857	0.63210250073	0.515078753638
8.0	1.0	0.888888888889	0.111111111111	1.38999955591	0.314269680527
9.5	2.0	1.05555555556	0.222222222222	1.06574033851	0.415739709642
32.75	9.0	0.696808510638	0.191489361702	0.888664085551	0.444268362081
20.25	19.0	0.698275862069	0.655172413793	1.35089260138	1.46865789235
10.5	7.5	0.552631578947	0.394736842105	0.705145316157	0.735901655479
3.5	2.0	0.233333333333	0.133333333333	0.47842333648	0.33993463424
4.25	2.0	0.283333333333	0.133333333333	0.473168985553	0.33993463424
4.75	6.0	0.339285714286	0.428571428571	0.478158137107	0.728431359085
5.5	11.0	0.392857142857	0.785714285714	0.659506618308	0.795394908976
5.5	4.0	0.423076923077	0.307692307692	0.674997260569	0.605692913386
15.5	9.875	0.484375	0.30859375	0.631025640822	0.540348895355
36.0	7.0	0.782608695652	0.152173913043	1.68642976985	0.464729528835
13.0	7.0	0.333333333333	0.179487179487	0.602700475566	0.445593517871
5.75	8.25	0.319444444444	0.458333333333	0.525763700854	0.613788327611
6.5	4.0	0.325	0.2	0.506828373318	0.4
17.5	2.0	0.648148148148	0.0740740740741	0.788397516941	0.261891400439
7.25	11.75	0.3625	0.5875	0.588828285666	0.91949374658
7.0	14.25	0.259259259259	0.527777777778	0.458870803458	0.578685184889
5.0	5.75	0.357142857143	0.410714285714	0.47915742375	0.623978757488
9.5	1.0	0.863636363636	0.0909090909091	1.18879062097	0.287479787288
14.0	1.0	0.583333333333	0.0416666666667	0.920446751432	0.199826313471
8.5	3.0	0.607142857143	0.214285714286	1.13670217592	0.410325903324
19.25	10.0	0.447674418605	0.232558139535	0.697916624624	0.40846902489
23.0	18.875	0.605263157895	0.496710526316	1.00758893258	0.805249451638
17.5	8.0	0.603448275862	0.275862068966	0.755774441183	0.518389530289
13.5	13.25	0.217741935484	0.213709677419	0.572353430611	0.416026650321
14.5	7.0	0.805555555556	0.388888888889	1.48266734945	1.16136360891
12.0	6.75	0.521739130435	0.29347826087	0.616410733859	0.86178585404
9.0	4.0	0.5625	0.25	0.609174646551	0.433012701892
3.25	4.25	0.295454545455	0.386363636364	0.681060184717	0.515262911307
8.5	10.25	1.0625	1.28125	1.33317056298	1.67442854058
15.75	4.25	0.7875	0.2125	0.949588726765	0.427748465807
29.0	16.5	0.707317073171	0.40243902439	1.07053445597	0.584030489046
21.0	17.5	0.6	0.5	1.09414023651	0.72702918
10.5	6.0	0.525	0.3	0.66096520332	0.527967802049
11.0	18.0	0.785714285714	1.28571428571	1.20585307258	1.90595200916
13.5	6.25	0.3	0.138888888889	0.576387215526	0.355729124302
5	1	0.625	0.125	0.484122918276	0.330718913883
9.5	5.0	0.95	0.5	1.70953209973	0.921954445729
22.0	12.5	0.647058823529	0.367647058824	1.01481244112	0.720588235294
14.0	17.0	0.5	0.607142857143	0.823754471048	0.816756901859
23.25	11.25	0.96875	0.46875	1.15314899478	0.715572687316
20.75	3.0	0.6484375	0.09375	0.62142532423	0.291480595409
7.0	5.0	0.636363636364	0.454545454545	0.606439275642	0.655554777357
17.75	8.0	0.422619047619	0.190476190476	1.01548735549	0.545024911536
27.25	15.0	0.879032258065	0.483870967742	1.16548302278	0.837468063597
12.25	2.0	0.510416666667	0.0833333333333	0.772169450135	0.276385399196
19.5	23.25	0.256578947368	0.305921052632	0.476372125194	0.512345426322
19.0	6.25	0.612903225806	0.201612903226	0.964780414757	0.48534721043
9.5	6.25	0.475	0.3125	0.535607132141	0.574864114378
6.5	3.0	1.3	0.6	1.32664991614	0.8
7.5	6.0	0.416666666667	0.333333333333	0.71200031211	0.57735026919
15.5	9.0	0.469696969697	0.272727272727	0.904026296374	0.759694008286
13.25	7.0	0.4140625	0.21875	0.792073463192	0.529408573316
5.0	8.5	0.333333333333	0.566666666667	0.722649446289	0.833999733546
21.0	15.0	0.287671232877	0.205479452055	0.522885881753	0.466960562988
4.0	2.5	0.173913043478	0.108695652174	0.480233087704	0.293276903549
8	3	1.33333333333	0.5	1.10554159679	0.763762615826
33.0	29.5	0.305555555556	0.273148148148	0.624845659956	1.0163803314
8.75	9.0	0.514705882353	0.529411764706	0.677748154224	1.19398724295
9.25	0.0	0.770833333333	0.0	0.572442986001	0.0
2	3	0.125	0.1875	0.330718913883	0.526634360824
21.5	4.0	0.767857142857	0.142857142857	1.01314699661	0.349927106112
39.625	17.75	0.4953125	0.221875	0.836763610492	0.484112832277
16.75	5.0	0.881578947368	0.263157894737	0.987981798031	0.546963412916
11.25	5.5	0.45	0.22	0.648074069841	0.530659966457
4.75	2.5	0.263888888889	0.138888888889	0.503268637	0.401578674856
8.0	2.5	0.727272727273	0.227272727273	0.862439361864	0.4937627496
24.25	14.5	0.551136363636	0.329545454545	0.90701111527	0.611845028453
14.0	6.75	0.636363636364	0.306818181818	0.77138921584	0.648125874164
19.75	24.25	0.30859375	0.37890625	0.646115477265	0.629657935875
7.0	2.0	0.388888888889	0.111111111111	0.566557723733	0.458122847291
25.75	14.75	0.695945945946	0.398648648649	1.21106265479	0.613638515662
14.25	11.25	0.419117647059	0.330882352941	0.749314854294	0.537972050701
10	1	1.11111111111	0.111111111111	1.28620410031	0.314269680527
12.875	5.0	0.515	0.2	1.03701494685	0.565685424949
25.75	17.0	0.515	0.34	0.994245945428	0.710211236183
10	3	1.11111111111	0.333333333333	1.36986977844	0.471404520791
23.0	4.5	0.547619047619	0.107142857143	0.974737594784	0.370580533721
10.5	3.5	0.318181818182	0.106060606061	0.547973979395	0.342839651484
12.0	21.5	0.48	0.86	0.854166260163	1.70598944897
15.25	12.0	0.897058823529	0.705882352941	1.66065814276	1.41482511421
12.5	11.5	0.290697674419	0.267441860465	0.519755735782	0.521054802382
12.5	6.75	0.78125	0.421875	0.683939644632	0.705551369055
2.5	4.375	0.3125	0.546875	0.541265877365	0.960016072457
14.25	6.0	0.527777777778	0.222222222222	0.646691484823	0.566557723733
3	4	0.375	0.5	0.992156741649	0.707106781187
13.0	5.25	1.08333333333	0.4375	1.38192699598	0.693158531651
7.5	3.0	0.833333333333	0.333333333333	1.0	0.471404520791
4.0	8.0	0.307692307692	0.615384615385	0.461538461538	1.07692307692
22.25	3.5	0.89	0.14	0.98	0.387814388593
6.5	11.0	0.295454545455	0.5	0.717620609266	0.891882585016
12.5	7.5	0.462962962963	0.277777777778	0.731891586866	0.549971940923
18.25	9.5	0.506944444444	0.263888888889	0.662712521236	0.546276678869
12.25	4.0	0.680555555556	0.222222222222	1.02674497657	0.415739709642
5.0	10.25	0.138888888889	0.284722222222	0.345830544389	0.460799342394
7	2	0.333333333333	0.0952380952381	0.64241607444	0.293543523951
11.75	6.0	0.534090909091	0.272727272727	0.545099316146	0.537825434827
2.5	5.0	0.277777777778	0.555555555556	0.532870169257	0.684934889219
6.625	3.5	0.348684210526	0.184210526316	0.565712969124	0.543151774751
7.25	9.5	0.302083333333	0.395833333333	0.473127706216	0.590359471471
4.5	4.0	0.225	0.2	0.460298815988	0.509901951359
7.5	4.0	0.833333333333	0.444444444444	0.942809041582	0.684934889219
10.75	4.0	0.5375	0.2	1.59741001311	0.4
12.75	15.5	0.3984375	0.484375	0.675634467441	1.27159087736
16.0	11.75	0.8	0.5875	0.857321409974	0.99773180264
18.8125	7.75	0.60685483871	0.25	0.897913344421	0.43533450246
15.5	10.5	0.553571428571	0.375	0.733013419706	0.506652177111
12.75	6.75	0.3984375	0.2109375	0.666905678184	0.410360812083
8.5	16.375	0.354166666667	0.682291666667	0.567875548768	0.779772909205
12.5	5.0	0.462962962963	0.185185185185	0.651578225398	0.546845298527
6.0	5.25	0.272727272727	0.238636363636	0.616575453011	0.53553962127
13.0	3.0	0.565217391304	0.130434782609	0.557641536451	0.33678116054
9.5	11.5	0.327586206897	0.396551724138	0.529734189508	0.941196142342
6.0	0.5	0.352941176471	0.0294117647059	0.477884612037	0.117647058824
11.5	4.75	0.425925925926	0.175925925926	0.630310089819	0.383784847705
16.5	20.75	0.40243902439	0.506097560976	0.551820846183	0.729366173381
18.0	7.0	0.333333333333	0.12962962963	0.561083607687	0.339323744478
24.8125	11.25	0.577034883721	0.261627906977	0.676623425852	0.541728200246
12.0	13.0	0.324324324324	0.351351351351	0.509586692837	0.613638515662
11.0	6.0	0.379310344828	0.206896551724	0.543855527434	0.609086956298
3.5	1.0	0.291666666667	0.0833333333333	0.518745816583	0.276385399196
18.5	7.5	0.804347826087	0.326086956522	1.10816270226	0.577827559131
7.0	8.5	0.466666666667	0.566666666667	0.718021974285	0.654896090146
3.25	1.5	0.295454545455	0.136363636364	0.646829521398	0.308287726506
8.0	6.0	0.444444444444	0.333333333333	0.761739400045	0.471404520791
8.25	0.0	0.916666666667	0.0	0.971825315808	0.0
3.0	1.0	0.2	0.0666666666667	0.439696865276	0.249443825785
8.5	5.0	0.425	0.25	0.794905654779	0.622494979899
10.5	9.25	0.45652173913	0.402173913043	0.836179763779	0.732547410674
4.5	1.5	0.5	0.166666666667	0.735980072194	0.333333333333
3.75	10.25	0.125	0.341666666667	0.380515001894	0.984215705806
11.5	8.0	0.244680851064	0.170212765957	0.459791123085	0.375819611333
7.0	3.5	0.388888888889	0.194444444444	0.825892708184	0.377818625243
9.5	4.5	0.633333333333	0.3	1.08730042869	0.509901951359
1	1	0.125	0.125	0.330718913883	0.330718913883
7.0	6.25	0.5	0.446428571429	0.582482372511	0.642112664156
18.75	10.25	0.480769230769	0.262820512821	0.797400856679	0.551654614717
13.75	10.25	0.509259259259	0.37962962963	0.987143000358	0.916339260647
4.5	7.0	0.264705882353	0.411764705882	0.481041977465	0.691020007322
1.0	2.0	0.125	0.25	0.330718913883	0.433012701892
9.25	6.0	0.578125	0.375	0.716538717987	0.599478940414
8.5	6.0	0.386363636364	0.272727272727	0.601736467949	0.537825434827
7.0	10.5	0.35	0.525	0.544288526427	0.766077672302
13.0	10.0	0.382352941176	0.294117647059	0.804937187259	0.516174375729
15.75	3.0	0.4375	0.0833333333333	0.538048815423	0.276385399196
19.0	7.75	0.703703703704	0.287037037037	1.14874536439	0.655121220419
12.25	6.0	0.875	0.428571428571	1.12896127986	1.1157499537
5	0	0.833333333333	0.0	1.06718737291	0.0
4.25	1.0	0.607142857143	0.142857142857	0.705300630648	0.349927106112
9.875	3.0	0.822916666667	0.25	1.51077581937	0.595119035712
10.5	4.0	0.552631578947	0.210526315789	0.841282492797	0.407682457496
7.5	9.5	0.416666666667	0.527777777778	0.975391659227	0.857519391135
17.25	3.0	1.15	0.2	2.50632533137	0.748331477355
9.5	0.5	1.1875	0.0625	1.53475364473	0.165359456942
7.5	6.5	0.357142857143	0.309523809524	0.600453343472	0.587087047902
10.25	7.0	0.445652173913	0.304347826087	0.780038048609	0.546513264782
8.25	4.875	0.375	0.221590909091	0.601843758039	0.497053560228
3.375	7.75	0.177631578947	0.407894736842	0.753626964159	0.613502275099
11.25	6.0	0.5625	0.3	0.511584548242	0.714142842854
2.5	2.0	0.277777777778	0.222222222222	0.415739709642	0.415739709642
8.5	15.75	0.386363636364	0.715909090909	0.542130020085	1.09569263727
9.75	7.75	0.348214285714	0.276785714286	0.579944908538	0.572195356072
12.25	8.0	0.510416666667	0.333333333333	0.758559375652	0.698460608927
11.5	3.0	0.5	0.130434782609	0.675663924692	0.33678116054
18.0	3.5	0.58064516129	0.112903225806	0.862262348685	0.352632437243
16.25	6.0	0.70652173913	0.260869565217	0.662062710124	0.605582099008
9.5	4.0	0.452380952381	0.190476190476	0.615373713491	0.392676726249
5.5	5.0	0.5	0.454545454545	0.476731294623	0.497929597732
9.5	9.0	0.296875	0.28125	0.671511529592	0.717390017703
5.75	9.5	0.319444444444	0.527777777778	0.888997389211	1.033766337
5.5	7.0	0.34375	0.4375	0.521977909015	0.704339229349
8.75	8.0	0.486111111111	0.444444444444	0.603647605892	0.761739400045
20.9375	8.5	0.775462962963	0.314814814815	0.683015521297	0.563523113137
8.0	5.5	0.533333333333	0.366666666667	0.561743318212	0.590668171556
4.5	4.0	0.3	0.266666666667	0.533853912602	0.442216638714
6.75	4.25	0.45	0.283333333333	0.672061505122	0.624944441975
11.0	17.0	0.407407407407	0.62962962963	0.882305870339	1.08519150548
14.0	8.0	0.538461538462	0.307692307692	0.897893656148	0.666173387526
3.8125	1.0	0.4765625	0.125	0.631170709748	0.330718913883
6.0	6.25	0.545454545455	0.568181818182	1.15708382376	0.523221110601
5.25	4.25	0.525	0.425	0.52974050251	0.689655711207
6.75	1.0	0.29347826087	0.0434782608696	0.503531948778	0.203931119992
11.5	3.0	0.547619047619	0.142857142857	0.766171090938	0.466569474816
8.5	10.25	0.283333333333	0.341666666667	0.527309733985	0.607190707732
5.0	7.0	0.294117647059	0.411764705882	0.455645099554	0.973702668073
11.5	9.0	0.442307692308	0.346153846154	0.520298048403	1.54278239386
17.0	2.0	0.944444444444	0.111111111111	1.11665284679	0.314269680527
14.25	21.0	0.619565217391	0.913043478261	1.13700016543	1.63289669202
6.25	4.0	0.347222222222	0.222222222222	0.521342343865	0.532870169257
4.0	2.0	0.2	0.1	0.367423461417	0.435889894354
10	7	0.714285714286	0.5	0.9583148475	1.05220856162
6.75	10.5	0.45	0.7	0.56421036266	0.996661092515
12.75	7.5	0.85	0.5	0.930053761887	0.836660026534
10.75	6.0	0.632352941176	0.352941176471	1.24887492621	0.966569219127
12.75	9.25	0.51	0.37	1.00369318021	0.724982758416
5.5	0.5	0.392857142857	0.0357142857143	0.540455212515	0.128769688409
12.0	3.0	0.705882352941	0.176470588235	0.768092050424	0.381220041083
12.75	3.0	0.85	0.2	1.9360612938	0.4
9.5	3.0	0.678571428571	0.214285714286	0.643848442047	0.772618130457
12.5	5.75	0.5	0.23	0.774596669241	0.565331761004
22.75	11.5	0.669117647059	0.338235294118	0.934865097683	0.552009540562
11.0	5.0	0.6875	0.3125	0.899218410621	0.582961190818
13.0	7.5	0.5	0.288461538462	0.768990347044	0.557692307692
8.5	3.25	0.53125	0.203125	0.738849401096	0.425906661576
3	8	0.166666666667	0.444444444444	0.37267799625	1.16534316463
7.25	5.25	0.483333333333	0.35	0.709851314635	0.498330546258
9	9	0.473684210526	0.473684210526	0.751729308268	0.818755220321
6.5	22.75	0.325	1.1375	0.74624057783	0.93365879742
6.125	17.5	0.322368421053	0.921052631579	0.592324520808	1.26712644132
3.0	9.5	0.214285714286	0.678571428571	0.410325903324	1.09147905642
5	4	0.277777777778	0.222222222222	0.447903208239	0.415739709642
20.0	16.0	1.66666666667	1.33333333333	1.92660467028	1.79505493571
4.0	16.5	0.235294117647	0.970588235294	0.729980802705	1.9286583895
13.0	9.0	0.541666666667	0.375	0.675719780843	0.904272267259
4.0	4.5	0.190476190476	0.214285714286	0.392676726249	0.451753951453
0	0	0.0	0.0	0.0	0.0
17.0	2.0	1.13333333333	0.133333333333	2.33428552	0.33993463424
6.8125	1.0	0.524038461538	0.0769230769231	0.703501912455	0.266469355011
3.5625	3.0	0.323863636364	0.272727272727	0.546696030337	0.616575453011
4.25	8.25	0.386363636364	0.75	0.515262911307	0.630656223887
4.25	3.5	0.303571428571	0.25	0.483463798953	0.490990253031
6	4	0.375	0.25	0.599478940414	0.433012701892
9.25	6.75	0.660714285714	0.482142857143	0.821622647881	0.504128364768
18.25	2.0	0.5703125	0.0625	0.91692926518	0.242061459138
11.625	8.0	0.3875	0.266666666667	0.479094197418	0.442216638714
10.25	11.0	0.488095238095	0.52380952381	0.803549382414	0.587087047902
5.0	10.5	0.185185185185	0.388888888889	0.546845298527	0.582671582317
5.5	9.75	0.239130434783	0.423913043478	0.689510935963	0.577827559131
14.5	5.5	0.483333333333	0.183333333333	0.735791335155	0.417997873466
4	1	0.5	0.125	0.707106781187	0.330718913883
13.5	3.5	0.45	0.116666666667	0.518009008931	0.30776975521
17.25	11.0	0.410714285714	0.261904761905	0.799593327759	0.472305581545
1	8	0.0625	0.5	0.242061459138	1.0
3.25	1.0	0.464285714286	0.142857142857	0.760974134024	0.349927106112
8.25	2.5	0.392857142857	0.119047619048	0.648126551848	0.374952755905
13.75	4.25	0.6875	0.2125	0.996478173369	0.638724314552
12.25	11.25	0.556818181818	0.511363636364	0.593199233461	0.887018988495
7.0	4.5625	0.636363636364	0.414772727273	0.642824346533	0.526481086755
16.5	9.5	0.55	0.316666666667	1.52260741274	0.524139506451
9.375	3.5	1.171875	0.4375	1.02495712563	0.582961190818
8.0	2.0	0.666666666667	0.166666666667	0.71686043892	0.552770798393
15.75	4.0	1.21153846154	0.307692307692	1.1842157168	0.605692913386
12.5	10.5	0.367647058824	0.308823529412	0.656515126046	0.618521789553
13.75	9.0	0.55	0.36	0.948683298051	0.728285658241
22.5	14.25	0.46875	0.296875	0.710092790298	0.506870119171
4.5	3.0	0.5	0.333333333333	1.0	0.471404520791
3.25	5.25	0.232142857143	0.375	0.447854864428	0.65974832864
11.75	19.5	0.379032258065	0.629032258065	0.578063256047	0.991640396706
17.0	6.875	0.548387096774	0.221774193548	0.883128956258	0.538544257005
10.5	5.25	0.7	0.35	0.890692614392	0.617791766428
9.0	3.0	0.409090909091	0.136363636364	0.633108558054	0.343174292512
15.5	8.0	0.704545454545	0.363636363636	0.8175502613	0.567727090763
4.75	4.0	0.395833333333	0.333333333333	0.572442986001	0.471404520791
24.125	28.25	0.26222826087	0.307065217391	0.518037351836	0.509559780261
16.75	8.0	0.389534883721	0.186046511628	0.955860633727	0.389144198388
14.0	7.75	0.411764705882	0.227941176471	0.943012914228	0.50134982158
2.5	2.0	0.416666666667	0.333333333333	0.589255650989	0.7453559925
6.0	14.125	0.260869565217	0.614130434783	0.5289358722	0.818363494465
8.75	14.0	0.198863636364	0.318181818182	0.400920621871	0.622411997165
5.75	2.5	0.522727272727	0.227272727273	0.815019139866	0.4937627496
5.25	7.0	0.308823529412	0.411764705882	0.764705882353	0.98869037141
13.0	6.25	0.41935483871	0.201612903226	0.741584769843	0.468436636499
1.0	6.5	0.0666666666667	0.433333333333	0.249443825785	0.62893207547
9.0	2.5	0.642857142857	0.178571428571	0.666241360935	0.358924129326
1.5	13.25	0.166666666667	1.47222222222	0.471404520791	2.39340658095
23.625	18.0	0.715909090909	0.545454545455	1.02952287754	1.37269717005
2	3	0.166666666667	0.25	0.37267799625	0.433012701892
7.125	3.0	1.01785714286	0.428571428571	0.510726773074	0.494871659305
8.5	4.0	0.404761904762	0.190476190476	0.839771051836	0.499432784843
8.75	2.0	0.625	0.142857142857	0.72426070681	0.349927106112
21.0	11.75	0.677419354839	0.379032258065	0.969688901698	0.795326489415
10.5	8.5	0.5	0.404761904762	0.751981509398	0.478565505768
18.0	12.5	0.486486486486	0.337837837838	1.0557851343	0.788892946991
17.5	12.5	0.729166666667	0.520833333333	1.09904472409	0.637036868809
12.25	2.0	0.680555555556	0.111111111111	0.824139094397	0.314269680527
5.25	9.25	0.308823529412	0.544117647059	0.591169154184	0.94804479184
4.25	3.5	0.265625	0.21875	0.463248971262	0.466662016346
18.75	7.5	0.398936170213	0.159574468085	0.78323452112	0.387385988426
9	6	0.333333333333	0.222222222222	0.60858061945	0.415739709642
18.5	18.0	0.440476190476	0.428571428571	0.725409416028	0.659828879074
10.0	17.5	0.416666666667	0.729166666667	0.759202798262	1.4066743187
13.8125	7.0	1.15104166667	0.583333333333	2.74448527702	0.640095478989
40.75	12.0	1.01875	0.3	1.73059554417	0.509901951359
2.5	3.75	0.227272727273	0.340909090909	0.4821182599	0.525191818559
13.75	10.0	0.474137931034	0.344827586207	0.595763880799	0.841831421775
9.0	8.0	0.375	0.333333333333	0.61661035779	0.552770798393
12.5	6.0	0.735294117647	0.352941176471	0.941176470588	0.836039435503
11.625	9.75	0.375	0.314516129032	0.539750539751	0.578400679905
12.0	4.0	1.0	0.333333333333	0.790569415042	0.623609564462
11.5	0.5	0.71875	0.03125	0.84259179767	0.121030729569
9.25	13.5	0.37	0.54	0.495580467735	0.677052435192
19.25	12.0	0.287313432836	0.179104477612	0.511534367587	0.411599469646
11.5	7.25	0.676470588235	0.426470588235	0.679341733085	0.512811640417
3.0	9.0	0.125	0.375	0.330718913883	0.505181485541
14.0	3.0	0.736842105263	0.157894736842	1.249930746	0.669890634808
10.3125	6.875	0.396634615385	0.264423076923	0.709004225301	0.507547509946
12	8	0.387096774194	0.258064516129	0.605214936751	0.620496260054
14.25	10.5	0.35625	0.2625	0.601787701353	0.622369464225
20.5	8.25	0.5125	0.20625	0.607119222229	0.470662764089
14.75	10.5	0.567307692308	0.403846153846	0.819115647383	0.898922760963
11.5625	7.75	0.428240740741	0.287037037037	0.706841505761	0.894177937445
27.8125	7.0	1.390625	0.35	1.46066591727	0.572276157113
11	1	1.83333333333	0.166666666667	1.34370962472	0.37267799625
12.25	4.75	0.556818181818	0.215909090909	0.790324365881	0.658404815312
8.25	8.0	0.25	0.242424242424	0.507519218923	0.509325342848
6.5	6.5	0.282608695652	0.282608695652	0.639736476937	0.485128556618
9.5	2.0	0.791666666667	0.166666666667	0.720484019408	0.37267799625
15.5	11.0	0.254098360656	0.180327868852	0.517108534282	0.496155604932
5.0	11.5	0.121951219512	0.280487804878	0.327229460122	0.518543698182
8.5	1.0	1.0625	0.125	0.726184377414	0.330718913883
7.0	1.0	0.875	0.125	0.892678553568	0.330718913883
6.5	7.0	0.342105263158	0.368421052632	0.539313198208	0.482376388943
2.5	3.0	0.5	0.6	0.632455532034	1.2
8.25	0.0	1.17857142857	0.0	1.28670596676	0.0
11.0	7.5	0.458333333333	0.3125	0.640095478989	0.704339229349
25.75	11.0	0.613095238095	0.261904761905	0.843748687746	0.537167341556
17.0	12.0	0.515151515152	0.363636363636	0.733245674701	0.809720558539
7.0	17.75	0.184210526316	0.467105263158	0.387655785859	0.618176043291
11.75	8.5	0.451923076923	0.326923076923	0.665131677135	0.689095110276
4.75	9.5	0.169642857143	0.339285714286	0.422860008436	0.655383903697
5.0	16.5	0.238095238095	0.785714285714	0.42591771	1.9307747555
15.875	21.5	0.396875	0.5375	0.635467040353	1.58661392594
11.75	11.5	0.345588235294	0.338235294118	0.549112605919	0.672140875413
8.0	9.0	0.296296296296	0.333333333333	0.509343427388	0.666666666667
3.5	4.5	0.388888888889	0.5	0.566557723733	0.471404520791
14.75	6.5	0.702380952381	0.309523809524	0.843811673651	0.545024911536
9.75	8.5	0.513157894737	0.447368421053	0.699970319909	0.582524832136
10.25	10.0	0.3203125	0.3125	0.603487180762	0.807677998958
9.875	6.0	0.519736842105	0.315789473684	0.956507454072	0.798197415163
1	4	0.2	0.8	0.4	0.748331477355
9.0	4.0	0.6	0.266666666667	0.934523051258	0.771722460186
5.0	0.0	0.555555555556	0.0	1.14125769912	0.0
13.5	9.0	0.3375	0.225	0.574320250383	0.65144071104
12.5	2.75	0.378787878788	0.0833333333333	0.63996097218	0.279790686555
8.25	3.0	0.434210526316	0.157894736842	0.760202990824	0.364642275278
5.75	8.25	0.2875	0.4125	0.50171580601	0.676733884182
6.0	2.0	0.352941176471	0.117647058824	0.762440082166	0.364990401353
5	1	1.66666666667	0.333333333333	0.942809041582	0.471404520791
10.5	3.0	0.525	0.15	0.798044484976	0.476969600708
3.25	2.0	0.232142857143	0.142857142857	0.554722305965	0.349927106112
3.75	4.0	0.416666666667	0.444444444444	0.5	0.496903995
3.375	6.25	0.675	1.25	1.35	0.74161984871
14.5	5.0	0.391891891892	0.135135135135	0.546921793104	0.341867855153
12.75	6.5	0.439655172414	0.224137931034	0.699923556213	0.550645497333
12.0	4.75	0.6	0.2375	1.0677078252	0.429207117835
4	10	0.235294117647	0.588235294118	0.424182502996	0.844276476142
7.75	3.0	0.516666666667	0.2	1.43894251294	0.4
14.625	6.0	0.696428571429	0.285714285714	0.918211438013	0.699854212224
18.25	14.5	0.521428571429	0.414285714286	0.91098735402	0.814912039826
13.5	11.25	0.5625	0.46875	0.600563971058	0.778327868468
20.0	13.25	0.4	0.265	0.65574385243	0.56659068118
1	1	0.0588235294118	0.0588235294118	0.235294117647	0.235294117647
16.25	9.5	0.580357142857	0.339285714286	1.15157805437	0.623978757488
24.25	11.0	0.591463414634	0.268292682927	0.83694438716	0.443070783526
6.25	2.5	0.78125	0.3125	0.678204200444	0.555512151082
12.5	6.0	0.568181818182	0.272727272727	0.58475819683	0.749655568294
2	2	0.285714285714	0.285714285714	0.451753951453	0.451753951453
5.5	5.0	0.458333333333	0.416666666667	0.557462006677	0.640095478989
17.25	3.25	1.078125	0.203125	1.16832796525	0.425906661576
6.90625	2.0	0.986607142857	0.285714285714	1.12175339359	0.451753951453
3	6	0.214285714286	0.428571428571	0.55787497685	0.494871659305
4.75	2.0	0.527777777778	0.222222222222	0.606039561924	0.415739709642
8.0625	9.5	0.474264705882	0.558823529412	0.696320035397	0.72522517682
20.5	6.25	0.640625	0.1953125	0.770393314726	0.408572089531
8	8	0.571428571429	0.571428571429	0.622699849077	0.820651806648
3.5	3.0	0.25	0.214285714286	0.490990253031	0.55787497685
4.25	7.5	0.193181818182	0.340909090909	0.412391984355	0.59134599233
5.5	2.0	0.55	0.2	0.72284161474	0.4
11.0	3.5	0.785714285714	0.25	1.37209805088	0.411877235524
8.5	8.25	0.354166666667	0.34375	0.684336154402	0.620032341226
12.5	12.0	0.735294117647	0.705882352941	1.26162415233	0.823529411765
9.75	9.5	0.39	0.38	0.707389567353	0.474973683482
8	1	0.470588235294	0.0588235294118	0.977249866226	0.235294117647
11.25	7.5	0.330882352941	0.220588235294	0.671698320095	0.608653002546
13.5	15.5	0.29347826087	0.336956521739	0.585848390357	0.608404433442
7.0	2.0	0.777777777778	0.222222222222	0.946077020329	0.415739709642
8.5	5.0	0.772727272727	0.454545454545	0.779383099976	0.9875254992
49.25	28.25	0.37030075188	0.212406015038	0.652929707382	0.534958575272
5	8	0.25	0.4	0.433012701892	0.663324958071
9.5	9.0	0.316666666667	0.3	0.555027526845	0.525991127935
9.125	6.875	0.5703125	0.4296875	0.892644366388	0.687455609362
31.5	12.0	0.807692307692	0.307692307692	1.04767988245	0.721602424588
9.0	3.0	0.6	0.2	1.06379822648	0.4
48.625	46.5	0.365601503759	0.34962406015	0.628210562132	0.709057837249
16.5	22.0625	0.458333333333	0.612847222222	0.995650262112	1.07264554063
11.0	3.0	1.1	0.3	1.2409673646	0.640312423743
8.0	10.5	0.533333333333	0.7	0.590668171556	1.09239797388
8.0	2.0	0.242424242424	0.0606060606061	0.458442886982	0.238606299212
21.0	10.5	0.552631578947	0.276315789474	0.6957528456	0.592689769977
20.75	15.25	0.399038461538	0.293269230769	0.546535450379	0.538697578759
28.5	17.0	0.309782608696	0.184782608696	0.642017841857	0.530162973837
6.0	6.25	0.260869565217	0.271739130435	0.507970497633	0.546297037962
28.75	7.5	0.638888888889	0.166666666667	0.696330771408	0.421637021356
9.0	4.75	0.391304347826	0.20652173913	0.570212045591	0.408151812076
19.75	8.0	0.533783783784	0.216216216216	0.764857702192	0.427761940307
10.5	3.5	0.42	0.14	0.594642749893	0.332264954517
7.0	5.625	0.368421052632	0.296052631579	0.482376388943	0.548938159079
6.25	2.0	0.390625	0.125	0.592721148075	0.330718913883
9.0	4.0	0.473684210526	0.210526315789	0.751729308268	0.407682457496
11.75	13.5	0.47	0.54	0.99579114276	1.19933314805
6.0	3.0	0.333333333333	0.166666666667	0.57735026919	0.5
7.75	7.0	0.455882352941	0.411764705882	0.550636624319	0.669400392749
20.625	20.75	0.317307692308	0.319230769231	0.544675681147	0.536204059011
17.25	5.0	0.594827586207	0.172413793103	0.610305862773	0.529734189508
12.0	8.0	0.666666666667	0.444444444444	0.897527467856	0.598351645237
8.25	7.0	0.2578125	0.21875	0.448453832455	0.466662016346
8.5	4.0	0.566666666667	0.266666666667	0.793025150225	0.442216638714
5.0	8.5	0.357142857143	0.607142857143	0.47915742375	0.929257987947
4.375	2.0	0.546875	0.25	0.73934488527	0.433012701892
4.5	10.5	0.214285714286	0.5	0.451753951453	0.617213399848
24.0	5.0	0.96	0.2	1.07396461767	0.489897948557
2.5	0.0	0.3125	0.0	0.555512151082	0.0
19.75	9.0	0.79	0.36	0.665882872583	0.624819974073
11.75	18.75	0.451923076923	0.721153846154	0.808664707693	0.861368887845
2	2	0.285714285714	0.285714285714	0.451753951453	0.451753951453
14.5	9.5	0.371794871795	0.24358974359	0.713585643594	0.421714979574
7	2	0.35	0.1	0.476969600708	0.3
10.0	2.5	0.588235294118	0.147058823529	0.895007297335	0.332756132323
8.5	6.75	0.274193548387	0.217741935484	0.579748411471	0.452332376206
6.5	3.0	0.590909090909	0.272727272727	0.701238573661	0.445361771415
6	3	0.4	0.2	0.489897948557	0.4
6.0	12.5	0.260869565217	0.54347826087	0.439108910364	0.750551152245
10.25	10.0	0.341666666667	0.333333333333	0.534179017018	0.537483849887
6.75	4.5	0.397058823529	0.264705882353	0.549457108596	0.424182502996
12.25	4.5	0.583333333333	0.214285714286	0.814062904632	0.451753951453
21.5	9.25	0.398148148148	0.171296296296	0.64821428234	0.461037663346
9.0	11.25	0.529411764706	0.661764705882	0.574471323077	0.790295814267
8.5	16.25	0.314814814815	0.601851851852	0.829414654687	0.866718105469
12.25	11.0	0.340277777778	0.305555555556	0.674827081189	0.51744266695
29.75	11.5	0.725609756098	0.280487804878	0.939974179148	0.625171005755
4	4	0.4	0.4	0.489897948557	0.663324958071
11.0	1.0	1.0	0.0909090909091	1.39805059084	0.287479787288
25.25	10.75	0.400793650794	0.170634920635	0.923179979679	0.556037206177
15.25	8.75	0.462121212121	0.265151515152	0.577747756513	0.47649046041
9.25	3.0	0.342592592593	0.111111111111	0.620439465472	0.314269680527
4.0	5.5	0.266666666667	0.366666666667	0.573488351136	0.531245915017
10.5	1.0	0.807692307692	0.0769230769231	1.13151466795	0.266469355011
15.75	11.5	0.715909090909	0.522727272727	0.942359992451	1.15283516845
12.125	8.375	0.505208333333	0.348958333333	0.591254808237	0.640413244135
11.5	12.75	0.348484848485	0.386363636364	0.618341482649	0.574360346092
23.75	23.0	0.527777777778	0.511111111111	0.811757733122	0.732111777204
11.5	11.25	0.383333333333	0.375	0.572761342581	0.760345316287
18.25	4.25	0.73	0.17	2.16092572755	0.503587132481
15.75	1.0	0.75	0.047619047619	0.654653670708	0.212958855
7.0	1.5	0.538461538462	0.115384615385	1.08240363688	0.399704032516
12.5625	4.0	0.697916666667	0.222222222222	1.00481695749	0.415739709642
9.125	4.0	0.380208333333	0.166666666667	0.501922303015	0.37267799625
4.0	6.5	0.235294117647	0.382352941176	0.348004693124	0.630812076163
9.75	1.0	0.573529411765	0.0588235294118	0.81242513629	0.235294117647
8.0	5.0	0.363636363636	0.227272727273	0.897367591927	0.425795318073
19.75	9.5	0.387254901961	0.186274509804	0.729816196123	0.494685325943
24.0	6.0	0.774193548387	0.193548387097	1.03049244161	0.395078990771
7.0	9.0	0.388888888889	0.5	0.773799348732	0.833333333333
20.0	6.5	0.645161290323	0.209677419355	0.674340160012	0.435782454391
16.0	5.0	0.761904761905	0.238095238095	1.23074742698	0.502826478141
10.75	5.0	0.767857142857	0.357142857143	1.05417658165	0.610285981808
6.0	9.0	0.333333333333	0.5	0.57735026919	0.763762615826
8.0	2.5	0.888888888889	0.277777777778	0.874889763779	0.532870169257
36.5	7.25	1.52083333333	0.302083333333	3.78725705125	0.473127706216
10.0	5.0	0.769230769231	0.384615384615	0.762470292369	0.624926031126
4.5	6.0	0.195652173913	0.260869565217	0.435868209908	0.5289358722
31.0	5.5	1.40909090909	0.25	2.30925196289	0.516764409132
11.25	5.0	1.40625	0.625	1.46808495582	1.31695671911
8	5	0.363636363636	0.227272727273	0.567727090763	0.419070202604
5.0	10.5	0.151515151515	0.318181818182	0.358550289885	0.45756572335
10.0	2.0	0.588235294118	0.117647058824	0.732347035176	0.272753485162
11.25	5.0	0.5625	0.25	0.679498896246	0.433012701892
17.5	24.0	0.564516129032	0.774193548387	1.34249368043	1.75443543753
9.25	11.0	0.544117647059	0.647058823529	0.619744338403	0.903664205632
7.953125	0.0	1.590625	0.0	1.04938598118	0.0
5.5	5.0	0.239130434783	0.217391304348	0.41361516501	0.412470999152
8.0	6.0	0.4	0.3	0.583095189485	0.714142842854
8.0	5.5	0.470588235294	0.323529411765	0.674549702422	0.567273574176
17.75	7.0	0.612068965517	0.241379310345	0.859997511265	0.502076544088
15.75	8.5	0.5625	0.303571428571	0.581043550126	0.672671721494
7.75	4.0	0.861111111111	0.444444444444	1.16136360891	0.95581391856
5.0	3.25	0.3125	0.203125	0.463512405443	0.553530924497
7.0	5.5	0.291666666667	0.229166666667	0.538451999305	0.594754267651
10.0	2.5	0.833333333333	0.208333333333	0.824957911384	0.476896797594
11.5	8.0	0.605263157895	0.421052631579	0.753569529646	0.590788008438
6.5	3.0	0.590909090909	0.272727272727	0.763311619261	0.862439361864
15.75	10.0	0.4921875	0.3125	0.730165796134	0.582961190818
4.5	9.0	0.321428571429	0.642857142857	0.521232839976	0.811272620829
1.5	6.5	0.0681818181818	0.295454545455	0.312448342838	0.536382896418
10.25	2.5	0.602941176471	0.147058823529	0.781490015034	0.477884612037
2.0	6.0	0.222222222222	0.666666666667	0.415739709642	0.527046276695
8.5	6.0	0.944444444444	0.666666666667	1.34256066373	0.816496580928
7.5	7.0	0.326086956522	0.304347826087	0.582511348129	0.526248627692
11.75	6.5	0.47	0.26	0.782048591841	0.427083130081
7	3	0.875	0.375	0.599478940414	0.484122918276
20.75	27.5	0.741071428571	0.982142857143	0.953101475956	1.21913422776
19.5	11.625	0.4875	0.290625	0.87491070973	0.671046000193
12.0	10.5	0.375	0.328125	0.7806247498	0.524544072862
5.0	8.75	0.238095238095	0.416666666667	0.453007085487	0.496015872762
9.75	6.5	0.3046875	0.203125	0.554577453873	0.430468041061
6.5	5.0	0.5	0.384615384615	0.679366220487	0.624926031126
2.875	1.0	0.319444444444	0.111111111111	0.632211482041	0.314269680527
15.0	2.5	0.681818181818	0.113636363636	1.13363308303	0.298930600863
15.5	4.0	0.775	0.2	1.13440513045	0.4
24.5	2.0	1.16666666667	0.0952380952381	1.48270452161	0.293543523951
4.25	5.5	0.303571428571	0.392857142857	0.483463798953	0.659506618308
11.0	16.25	0.578947368421	0.855263157895	0.990257248538	1.75715789789
9.75	5.5	0.541666666667	0.305555555556	0.867027168612	0.445311653941
5.5	2.0	0.366666666667	0.133333333333	0.784573486396	0.33993463424
10.5	12.5	0.45652173913	0.54347826087	0.657945476105	0.60636198613
19.625	7.5	0.560714285714	0.214285714286	0.702274003157	0.467297920966
17.5	6.5	0.795454545455	0.295454545455	1.05161230011	0.492191086993
4.0	5.5	0.333333333333	0.458333333333	0.623609564462	0.690963497991
7.0	2.5	0.466666666667	0.166666666667	0.58357138	0.34960294939
12.5	6.5	0.520833333333	0.270833333333	0.780346700014	0.478260011802
13.0	5.5	0.541666666667	0.229166666667	0.762625217405	0.539659743625
13	2	0.928571428571	0.142857142857	1.53363646811	0.349927106112
6.5	5.5	0.5	0.423076923077	0.877058019307	0.828486893405
8	3	0.4	0.15	0.663324958071	0.357071421427
9.5	3.0	0.413043478261	0.130434782609	0.610633561095	0.447636093086
6.0	10.5	0.3	0.525	0.478278161743	1.15623310798
24.0	14.25	0.452830188679	0.268867924528	0.60667786161	0.561855619597
17.0	21.0	0.377777777778	0.466666666667	0.716128135303	0.642477842247
3.25	2.5	0.154761904762	0.119047619048	0.381695703378	0.304910677973
19.0	7.0	0.655172413793	0.241379310345	1.1751995302	0.566609542247
7.5	9.5	0.267857142857	0.339285714286	0.604774793638	0.583302963252
10.0	6.0	0.5	0.3	0.925337776166	0.458257569496
2.0	2.5	0.333333333333	0.416666666667	0.7453559925	0.606675824107
22.0	10.0	0.814814814815	0.37037037037	1.46659184246	0.867014808201
5.5	2.0	1.83333333333	0.666666666667	1.92930615047	0.942809041582
9.0	7.0	0.290322580645	0.225806451613	0.592618486157	0.489217770584
20.25	18.0	0.50625	0.45	0.62870775206	0.835164654425
8.625	7.0	0.261363636364	0.212121212121	0.496544533581	0.728534259404
18.25	9.0	0.960526315789	0.473684210526	1.38189219506	1.09392682583
17.5	9.5	1.34615384615	0.730769230769	2.35653441262	1.7166087388
23.5	18.5	1.30555555556	1.02777777778	2.14824792233	2.08481428844
4.0	8.5	0.235294117647	0.5	0.517847554755	1.05718827974
10.0	3.0	0.384615384615	0.115384615385	0.505882555306	0.319485533189
5.0	2.5	0.294117647059	0.147058823529	0.455645099554	0.588235294118
8.75	5.0	1.09375	0.625	2.09887432628	0.992156741649
2	5	0.181818181818	0.454545454545	0.38569460792	0.497929597732
9.25	18.25	0.402173913043	0.79347826087	0.583929392111	1.29516696488
11.0	8.0	0.366666666667	0.266666666667	0.825967446224	0.771722460186
6.75	4.5	0.3375	0.225	0.526040635313	0.511737237261
17.5	3.25	0.833333333333	0.154761904762	1.25672792575	0.381695703378
10.5	15.0	0.375	0.535714285714	0.919772875691	1.26016276888
12.25	17.25	0.395161290323	0.556451612903	0.601658304955	0.706278517607
3.5	8.0	0.25	0.571428571429	0.48181205583	0.752546696632
6.5	2.0	0.8125	0.25	0.998044963917	0.433012701892
8.25	4.5	0.75	0.409090909091	0.94748470844	1.2936590428
10.0	3.25	0.769230769231	0.25	0.823112867655	0.635488909302
27.5	10.75	0.654761904762	0.255952380952	0.990959703412	0.518950679021
12.75	3.0	0.51	0.12	0.687313611098	0.324961536185
22.25	23.0	0.454081632653	0.469387755102	0.638224317188	0.855105693821
2.0	8.25	0.166666666667	0.6875	0.37267799625	1.16871100648
0	4	0.0	0.666666666667	0.0	1.10554159679
5.0625	3.0	0.297794117647	0.176470588235	0.552205392809	0.512811640417
2.25	26.0	0.118421052632	1.36842105263	0.285256360377	4.20789391396
8.0	11.75	0.5	0.734375	0.790569415042	1.2792476732
3.0	2.5	0.166666666667	0.138888888889	0.37267799625	0.401578674856
4.75	1.0	0.197916666667	0.0416666666667	0.554241066434	0.199826313471
2	1	0.2	0.1	0.4	0.3
7.0	10.0	0.4375	0.625	0.609174646551	1.375
6.75	8.5	0.519230769231	0.653846153846	0.749753411139	1.19911209755
9.25	12.0	0.402173913043	0.521739130435	0.775785473046	0.561021213068
12.0	2.0	0.48	0.08	0.899777750336	0.271293199325
12.625	5.0	0.485576923077	0.192307692308	0.762970317654	0.394113490998
18.75	16.5	0.46875	0.4125	0.612850664926	0.679038842777
6.0	7.0	0.206896551724	0.241379310345	0.464558399493	0.677478713944
8.0	2.0	0.615384615385	0.153846153846	0.763439740049	0.360801212294
7.75	6.0	0.704545454545	0.545454545455	0.664165418009	0.752406607148
2	3	0.25	0.375	0.433012701892	0.695970545354
13.75	4.5	0.808823529412	0.264705882353	1.15532466714	0.769217460625
12.0	7.5	0.48	0.3	0.865794432877	0.692820323028
13.5	7.0	0.519230769231	0.269230769231	0.740072361727	0.504418348023
4	4	0.333333333333	0.333333333333	0.471404520791	0.471404520791
8.75	6.25	0.282258064516	0.201612903226	0.510936582628	0.501688097258
6	1	0.5	0.0833333333333	0.645497224368	0.276385399196
4.0	2.0	0.363636363636	0.181818181818	0.481045692921	0.38569460792
5.5	9.0	0.34375	0.5625	0.804649574349	0.704339229349
1.0	3.25	0.2	0.65	0.4	1.3
13.5	7.0	0.613636363636	0.318181818182	0.851893855181	0.631474726793
14.5	7.0	0.690476190476	0.333333333333	0.793968190502	0.563436169819
5.5	3.0	0.423076923077	0.230769230769	0.873678207046	0.421325044235
28.375	29.0	0.257954545455	0.263636363636	0.569658308851	0.824232675967
12.0	14.5	0.333333333333	0.402777777778	0.623609564462	0.65425365074
5.0	1.75	0.238095238095	0.0833333333333	0.42591771	0.32120803722
11.25	2.0	0.625	0.111111111111	0.958333333333	0.314269680527
12.25	2.5	0.583333333333	0.119047619048	0.910694833281	0.304910677973
14.0	4.5	1.07692307692	0.346153846154	1.49159380228	0.817703524057
23.5	6.0	1.95833333333	0.5	2.29545142014	0.866025403784
15.5	12.75	0.553571428571	0.455357142857	1.33020732618	0.812990432833
7.5	7.0	0.340909090909	0.318181818182	0.605586936112	0.631474726793
12.25	10.0	0.4375	0.357142857143	0.772360135281	0.666241360935
11.25	6.375	0.535714285714	0.303571428571	0.802843585718	0.450811814971
13.25	1.5	0.883333333333	0.1	1.33811642078	0.270801280155
12.5	2.5	0.694444444444	0.138888888889	1.16831893582	0.325130553076
2.5	3.0	0.5	0.6	0.632455532034	0.489897948557
8.0	9.0	0.347826086957	0.391304347826	0.540426212811	0.48804226784
10.0	6.25	0.588235294118	0.367647058824	0.973702668073	0.697251152419
11.75	7.0	0.5875	0.35	0.648435617467	0.572276157113
11.25	5.0	0.432692307692	0.192307692308	0.902873863293	0.394113490998
31.5	3.5	0.828947368421	0.0921052631579	1.00181621771	0.321494519023
7.25	6.25	0.329545454545	0.284090909091	0.550755491639	0.466463085268
7.0	0.0	0.411764705882	0.0	0.669400392749	0.0
20.25	9.0	0.778846153846	0.346153846154	1.32709725724	0.829379178956
5.5	5.0	0.305555555556	0.277777777778	0.580681804455	0.730719246554
6.25	7.75	0.694444444444	0.861111111111	1.3005222123	1.37997137204
2.0	4.25	0.153846153846	0.326923076923	0.360801212294	0.937389046689
12.25	5.0	0.720588235294	0.294117647059	1.02139737378	0.748701297727
2.5	2.0	0.357142857143	0.285714285714	0.580288457474	0.451753951453
4.75	2.0	0.95	0.4	1.3638181697	0.489897948557
24.25	15.75	0.440909090909	0.286363636364	0.644846064019	0.650905281858
5.25	5.75	0.75	0.821428571429	0.668153104781	2.01208086014
8	0	0.888888888889	0.0	1.7284832429	0.0
8.625	1.875	0.507352941176	0.110294117647	0.725672340675	0.441176470588
7.0	7.5	0.5	0.535714285714	0.626783170528	0.611330098879
4.0	8.25	0.266666666667	0.55	0.442216638714	0.895358401238
8	5	0.296296296296	0.185185185185	0.531581484978	0.388447721545
13.25	16.5	0.358108108108	0.445945945946	0.540709433074	0.554877436963
13.0	12.5	0.351351351351	0.337837837838	0.778641096805	0.601844620044
5.25	8.0	0.35	0.533333333333	0.498330546258	0.618241233033
4.8125	8.0	0.4375	0.727272727273	0.842328347769	0.742037623514
1.625	4.0	0.203125	0.5	0.364099381179	0.707106781187
3.25	5.0	0.270833333333	0.416666666667	0.47278357158	0.493006648592
0	1	0.0	0.333333333333	0.0	0.471404520791
4	1	0.5	0.125	0.5	0.330718913883
8.5	9.75	0.386363636364	0.443181818182	0.796752188316	0.639299235411
7.0	10.0	0.333333333333	0.47619047619	0.58418305459	0.865698045843
6.0	16.5	0.3	0.825	0.640312423743	0.617960354715
2.0	13.75	0.153846153846	1.05769230769	0.360801212294	1.84535239014
4.5	5.25	0.45	0.525	0.556776436283	0.65622023742
2.0	12.25	0.222222222222	1.36111111111	0.415739709642	2.13148067703
5.5	13.25	0.25	0.602272727273	0.669972862408	1.19814983058
3.25	6.0	0.270833333333	0.5	0.47278357158	1.11803398875
6.5	7.0	0.40625	0.4375	0.774974797977	0.496078370825
5.5	9.0	0.289473684211	0.473684210526	0.495128624269	0.595458342052
8.25	14.0	0.392857142857	0.666666666667	0.666241360935	0.64241607444
1.0	8.5	0.142857142857	1.21428571429	0.349927106112	1.30540477732
5.5	8.75	0.611111111111	0.972222222222	0.73702773119	0.90095970779
9.5	5.0	0.452380952381	0.238095238095	0.688420585467	0.42591771
3.0	3.0	0.272727272727	0.272727272727	0.391014784866	0.391014784866
13.0	4.5	0.684210526316	0.236842105263	0.729284550555	0.593127772083
2.0	20.5	0.0769230769231	0.788461538462	0.266469355011	0.921673612794
5.5	8.0	0.392857142857	0.571428571429	0.540455212515	0.820651806648
3.0	11.75	0.2	0.783333333333	0.4	1.03628610378
4.5	1.0	0.236842105263	0.0526315789474	0.469277750003	0.223296878269
4	7	0.266666666667	0.466666666667	0.771722460186	0.49888765157
1.0	6.75	0.1	0.675	0.3	0.908639092269
11.25	2.0	1.875	0.333333333333	2.49895811623	0.471404520791
8.0	6.0	0.888888888889	0.666666666667	1.28620410031	0.666666666667
8.5	1.0	0.5	0.0588235294118	0.727606875109	0.235294117647
1.875	1.0	0.375	0.2	0.5	0.4
12.75	8.0	0.554347826087	0.347826086957	0.800667254813	0.56017820551
13.5	8.0	0.642857142857	0.380952380952	1.13276796623	0.5753831416
1.0	11.5	0.0454545454545	0.522727272727	0.208298895225	0.714735690614
3.0	1.5	0.375	0.1875	0.53033008589	0.496078370825
13.25	7.0	0.779411764706	0.411764705882	1.0637141953	0.574847655462
7.015625	0.0	3.5078125	0.0	1.5078125	0.0
0.0	3.5	0.0	0.5	0.0	0.597614304667
8.25	9.0	0.34375	0.375	0.58546856235	0.544862367943
9.5	9.0	0.527777777778	0.5	0.532870169257	0.600925212577
1.0	8.875	0.111111111111	0.986111111111	0.314269680527	0.834258745427
2.0	19.0	0.25	2.375	0.433012701892	3.60338382635
1.0	2.5	0.333333333333	0.833333333333	0.471404520791	0.623609564462
8.5	7.75	0.354166666667	0.322916666667	0.871769831371	0.686473349608
2	12	0.133333333333	0.8	0.33993463424	0.832666399786
3.25	12.25	0.171052631579	0.644736842105	0.397795169943	0.907990078899
14.25	11.5	0.303191489362	0.244680851064	0.538260027263	0.554213458623
1.25	4.0	0.125	0.4	0.375	0.538516480713
5.5	2.0	0.275	0.1	0.580409338312	0.3
7.25	14.0	0.25	0.48275862069	0.516953943123	0.736753814456
7.375	5.5	0.819444444444	0.611111111111	0.797372227467	0.99380799
4.5	2.0	0.375	0.166666666667	0.535218024111	0.37267799625
4.25	10.5	0.236111111111	0.583333333333	0.444661405377	1.0307764064
8.0	7.25	0.258064516129	0.233870967742	0.455627319091	0.503757989895
19.25	3.0	0.740384615385	0.115384615385	1.18175384906	0.319485533189
16.0	4.5	1.23076923077	0.346153846154	1.76084971419	0.532938710021
6.25	26.875	0.189393939394	0.814393939394	0.472863228313	1.72331417736
11.25	4.0	0.5625	0.2	0.797946583425	0.4
3	3	0.272727272727	0.272727272727	0.445361771415	0.445361771415
17.5	2.5	1.09375	0.15625	1.01502386056	0.340897253582
12.25	16.0	0.4375	0.571428571429	0.632543759074	0.8630747124
1.0	16.75	0.0625	1.046875	0.242061459138	1.56679098299
1.0	2.5	0.25	0.625	0.433012701892	1.08253175473
5.0	4.25	0.416666666667	0.354166666667	0.640095478989	0.61625831074
9.25	8.5	0.486842105263	0.447368421053	0.609538674837	0.626072487019
3	2	1.0	0.666666666667	1.41421356237	0.471404520791
3.0	19.0	0.130434782609	0.826086956522	0.33678116054	0.854765358754
2.0	3.5	0.333333333333	0.583333333333	0.471404520791	0.606675824107
6	1	0.428571428571	0.0714285714286	0.728431359085	0.257539376819
6.25	4.0	0.390625	0.25	0.507511930278	0.559016994375
8.0625	2.25	0.5375	0.15	0.880873146372	0.385140666943
4.0	4.5	0.444444444444	0.5	0.733880267423	0.816496580928
5.0	9.0	0.217391304348	0.391304347826	0.412470999152	0.6247872984
5.5	7.625	0.275	0.38125	0.575	0.670208689514
8.25	9.75	0.6875	0.8125	0.952655280431	1.22101818851
8.5	9.0	0.293103448276	0.310344827586	0.63676501078	0.480907782103
9	3	0.5625	0.1875	0.788095013307	0.3903123749
6.25	2.0	0.520833333333	0.166666666667	0.780346700014	0.37267799625
3.75	2.5	0.170454545455	0.113636363636	0.408617149917	0.298930600863
18.5	9.0	0.486842105263	0.236842105263	1.10165450994	0.48309367765
3.0	11.5	0.230769230769	0.884615384615	0.575639597965	0.737820234356
1.0	11.75	0.0833333333333	0.979166666667	0.276385399196	0.88068589116
7.875	4.0	1.96875	1.0	2.39852656594	0.707106781187
14.5	12.5	0.371794871795	0.320512820513	0.551431106862	0.664938588712
1.5	7.25	0.115384615385	0.557692307692	0.287819798983	0.520298048403
10.0	10.0	0.37037037037	0.37037037037	0.537356226983	0.617530814835
8.0	6.0	0.615384615385	0.461538461538	0.711278538804	0.634323942403
1.5	3.0	0.214285714286	0.428571428571	0.524890659168	0.728431359085
5.0	7.0	0.333333333333	0.466666666667	0.596284794	0.64463598686
13.25	6.0	0.828125	0.375	0.832535425297	0.625
6.25	4.0	0.446428571429	0.285714285714	0.510414497427	0.451753951453
10.5	14.75	0.552631578947	0.776315789474	1.08694086463	0.738485010547
8.0	8.0	0.5	0.5	0.790569415042	0.728868986856
5.0	10.5	0.416666666667	0.875	0.818620112683	1.58278499277
6.75	6.0	0.482142857143	0.428571428571	0.71003197686	0.728431359085
9.0	6.25	0.6	0.416666666667	1.00332779622	0.814793770772
15.0	7.0	0.441176470588	0.205882352941	0.838106285222	0.583065517694
1	1	0.1	0.1	0.3	0.3
3.25	2.5	0.65	0.5	0.538516480713	0.4472135955
5.0	13.5	0.3125	0.84375	0.582961190818	0.913761969826
13.5	31.0	0.245454545455	0.563636363636	0.465859199103	0.780760383767
16.0	15.0	0.421052631579	0.394736842105	0.623301014859	1.06473306969
0	4	0.0	0.363636363636	0.0	0.481045692921
5.0	8.25	0.3125	0.515625	0.555512151082	0.576009643474
1.0	5.0	0.166666666667	0.833333333333	0.37267799625	0.897527467856
5.0	9.0	0.333333333333	0.6	0.596284794	1.54056266777
3.5	3.0	0.233333333333	0.2	0.47842333648	0.4
8.25	5.0	0.515625	0.3125	0.949789244714	0.463512405443
9.0	17.25	0.473684210526	0.907894736842	0.818755220321	2.19929792373
5.5	7.5	0.785714285714	1.07142857143	1.4106012613	1.14731274316
3.25	5.75	0.203125	0.359375	0.425906661576	0.819530877621
1	4	0.166666666667	0.666666666667	0.37267799625	0.7453559925
5.0	5.5	0.3125	0.34375	0.496078370825	0.521977909015
2.25	3.0	0.173076923077	0.230769230769	0.408851762028	0.421325044235
5.5	3.0	0.5	0.272727272727	0.553911709407	0.445361771415
7.5	2.5	0.576923076923	0.192307692308	0.645879062452	0.461538461538
6.5	11.0	0.590909090909	1.0	0.556702214269	1.95401684184
0.0	3.25	0.0	1.08333333333	0.0	0.117851130198
8.0	4.5	0.421052631579	0.236842105263	0.935599412349	0.469277750003
8.5	6.5	0.607142857143	0.464285714286	0.805751012334	0.812058357207
5.25	5.5	0.403846153846	0.423076923077	0.647023224664	0.474185692536
5.0	8.375	0.357142857143	0.598214285714	0.47915742375	0.853274380471
1	6	0.05	0.3	0.217944947177	0.714142842854
3.0	13.75	0.130434782609	0.597826086957	0.33678116054	0.796524824372
4	8	0.2	0.4	0.4	0.583095189485
0.0	5.5	0.0	0.916666666667	0.0	1.01721296798
6.0	8.0	0.461538461538	0.615384615385	1.33678055361	0.711278538804
4	10	0.137931034483	0.344827586207	0.344827586207	0.543035025794
11.0	7.5	0.611111111111	0.416666666667	0.842541716006	0.583333333333
3.25	7.25	0.232142857143	0.517857142857	0.447854864428	0.918385062187
11	5	0.733333333333	0.333333333333	0.928559218479	0.471404520791
5.75	13.25	0.2875	0.6625	0.507906241348	1.08476667998
3.5	6.5	0.205882352941	0.382352941176	0.3857316779	0.630812076163
5.375	4.0	0.767857142857	0.571428571429	1.04886965397	0.494871659305
4.25	10.25	0.2125	0.5125	0.531948070774	0.604540114467
3	5	0.333333333333	0.555555555556	0.471404520791	0.496903995
5.25	7.5	0.4375	0.625	0.521666001065	0.892678553568
2.25	4.0	0.225	0.4	0.45345892868	0.489897948557
3.75	6.0	0.46875	0.75	0.711924109368	0.661437827766
0.0	4.25	0.0	0.607142857143	0.0	0.532130872348
1.0	4.5	0.25	1.125	0.433012701892	1.24373429638
6.0	9.0	0.333333333333	0.5	0.666666666667	1.25830573921
4.75	16.5	0.279411764706	0.970588235294	0.436246969829	2.22598681511
10.75	1.0	0.895833333333	0.0833333333333	1.29686454146	0.276385399196
4.0	11.0	0.363636363636	1.0	1.14991914915	0.929320377285
2.5	7.25	0.357142857143	1.03571428571	0.580288457474	0.760974134024
5.0	16.0	0.227272727273	0.727272727273	0.419070202604	0.808017674301
1.25	5.5	0.25	1.1	0.5	0.374165738677
13.5625	10.5	1.04326923077	0.807692307692	1.57607270693	1.38033526499
7.0	7.5	0.4375	0.46875	0.609174646551	0.543965474548
6.75	1.0	1.125	0.166666666667	1.5926262378	0.37267799625
4.5	6.0	0.409090909091	0.545454545455	0.556702214269	0.89072354283
5.25	8.75	0.477272727273	0.795454545455	0.678019722281	1.62654884864
11	18	0.314285714286	0.514285714286	0.522161910928	0.649018096663
4.0	4.5	0.8	0.9	0.748331477355	0.489897948557
18.25	8.5	0.9125	0.425	1.35848030902	0.825757228246
11.5	3.0	0.676470588235	0.176470588235	0.999134573615	0.381220041083
6	6	0.428571428571	0.428571428571	0.622699849077	0.622699849077
14.0	1.0	0.875	0.0625	1.69096865731	0.242061459138
2	8	0.117647058824	0.470588235294	0.322189739709	0.605625302411
7	2	0.7	0.2	1.41774468788	0.4
3.0	6.5	0.111111111111	0.240740740741	0.314269680527	0.529156743046
6.5	8.0	0.65	0.8	1.09658560997	1.05356537529
0.0	7.5	0.0	0.833333333333	0.0	1.24721912892
3.0	9.0	0.214285714286	0.642857142857	0.55787497685	1.04246567995
7.75	15.5	0.484375	0.96875	0.86362585034	1.15201928695
0	5	0.0	0.5	0.0	0.67082039325
18.5	13.0	0.4625	0.325	1.12576362972	1.10425314127
4.0	14.0	0.222222222222	0.777777777778	0.415739709642	1.59183875354
5	4	0.625	0.5	1.11102430216	0.866025403784
0	3	0.0	1.0	0.0	1.41421356237
0.0	3.0	0.0	0.75	0.0	0.829156197589
15.0	12.0	0.333333333333	0.266666666667	0.471404520791	0.679869268479
4.5	9.0	0.45	0.9	0.56789083458	2.07123151772
20.0	14.5	0.645161290323	0.467741935484	0.968816607592	0.728846679206
2	7	0.333333333333	1.16666666667	0.471404520791	1.34370962472
1.5	4.0	0.214285714286	0.571428571429	0.524890659168	0.494871659305
5	2	0.357142857143	0.142857142857	0.610285981808	0.349927106112
4	4	0.235294117647	0.235294117647	0.424182502996	0.545506970323
4.5	9.0	0.45	0.9	0.56789083458	1.13578166916
2.25	8.5	0.45	1.7	0.9	1.16619037897
2.0	13.75	0.142857142857	0.982142857143	0.515078753638	0.815389289774
14.5	23.25	0.245762711864	0.39406779661	0.531809203042	0.763582365761
2	5	0.285714285714	0.714285714286	0.451753951453	0.880630571853
3.0	10.0	0.176470588235	0.588235294118	0.381220041083	1.23948867681
1	6	0.125	0.75	0.330718913883	0.968245836552
4.0	13.0	0.190476190476	0.619047619048	0.392676726249	0.705501542382
4	20	0.363636363636	1.81818181818	0.881396337712	2.24896670488
7.0	21.25	0.225806451613	0.685483870968	0.505433536	0.759264664254
4.5	8.0	0.166666666667	0.296296296296	0.451335466924	0.597204277652
5.0	3.0	0.625	0.375	0.695970545354	0.484122918276
