0.276267376577 0.723732623423
0.999999999784 2.16366003413e-10
0.999999999999 1.04654644749e-12
0.99999999975 2.50341546987e-10
1.0 1.67866336296e-19
0.995816476991 0.00418352300862
1.0 2.73590485695e-21
0.997436535225 0.00256346477486
1.0 3.69922721678e-14
1.0 1.80175675789e-24
0.99993545557 6.45444296093e-05
0.999999999396 6.03684574948e-10
0.999999999975 2.48369354128e-11
1.0 6.43981686158e-31
0.999999999981 1.86878929435e-11
0.9999997429 2.57099963752e-07
0.999999999998 2.27423366535e-12
0.999999999918 8.23534045574e-11
0.999999997399 2.60099157209e-09
0.999999269995 7.30004571013e-07
0.999999695935 3.04065093082e-07
0.607677296183 0.392322703817
1.0 1.89057983062e-14
0.999865707164 0.000134292836238
0.999998719597 1.28040326958e-06
0.999158026112 0.000841973887655
1.0 3.97662752727e-17
1.0 7.14692125947e-18
1.0 1.21114407827e-15
1.0 3.74561422197e-19
0.99999999996 3.95237451157e-11
1.0 1.57098079833e-14
0.999999999732 2.68107688779e-10
1.0 8.72138012258e-24
1.0 1.6937203723e-15
0.999999999984 1.64703738421e-11
1.0 4.9254260096e-13
0.999999673238 3.26762010151e-07
0.999999981486 1.85135807987e-08
1.0 2.48447050595e-19
1.0 2.21779502462e-13
1.0 7.51136585104e-14
0.997163881073 0.00283611892651
1.0 1.27906330181e-16
0.999999999536 4.63534700023e-10
0.969667007071 0.0303329929292
0.999999999982 1.78973224644e-11
0.999999997446 2.55412959966e-09
1.0 9.04666811525e-17
0.999999998644 1.3559042869e-09
0.999967573353 3.24266471516e-05
0.999999994135 5.86495167645e-09
0.999999101882 8.98118367566e-07
0.999965091782 3.49082175348e-05
1.0 3.65816592335e-19
0.999564962 0.000435038000272
0.999993215447 6.78455250437e-06
0.999999988411 1.15887334328e-08
0.99991280459 8.71954096244e-05
0.999999692005 3.07995088495e-07
1.0 1.20984303775e-15
1.0 1.11973223899e-26
0.99999986278 1.37220321342e-07
0.999999966555 3.34448857236e-08
1.0 1.0490721219e-23
0.999996867869 3.13213088362e-06
0.999999999998 2.00867074394e-12
0.999989584833 1.04151673395e-05
0.999998943333 1.0566668919e-06
0.999985198523 1.48014767252e-05
0.999999999983 1.71507002508e-11
1.0 9.12811057231e-46
0.999999985023 1.4977406011e-08
0.999998914325 1.08567455835e-06
0.999999999999 1.25174195868e-12
1.0 5.14914231359e-16
1.0 1.70191087151e-14
0.999998661239 1.33876067599e-06
0.99997060013 2.9399869998e-05
0.999999996712 3.2880267952e-09
0.999999943013 5.69869224954e-08
0.999999999999 6.28881077775e-13
0.999999999998 1.90316894209e-12
0.999999922042 7.79579123235e-08
1.0 1.49813863897e-13
1.0 2.93554195816e-16
1.0 1.82455295692e-13
1.0 6.45927897618e-22
0.99999987096 1.29039538764e-07
1.0 3.99811080887e-19
0.999999999992 7.69757824023e-12
1.0 3.4818226118e-25
0.882053664138 0.117946335862
0.999999167366 8.32634136934e-07
0.999996690556 3.30944438376e-06
1.0 4.52338619199e-25
1.0 5.16800856618e-19
0.999999910913 8.90869907794e-08
0.999999687022 3.12978439189e-07
0.999801384597 0.000198615402587
0.999893232011 0.000106767989171
0.999999999999 1.42778278171e-12
1.0 3.44262903856e-15
1.0 1.39941015408e-16
0.999999938813 6.11870810035e-08
1.0 1.15899488249e-17
1.0 6.8264592155e-15
1.0 1.37982137914e-16
1.0 3.42772020433e-15
0.999999999736 2.6425121221e-10
0.999999999997 2.75674475136e-12
0.999998750724 1.24927605867e-06
0.998933650331 0.00106634966899
0.999999999961 3.85843019263e-11
0.999999998673 1.32743070872e-09
0.999994333043 5.66695737939e-06
0.999999759577 2.40422544633e-07
1.0 5.19907742192e-18
0.999989137068 1.08629318544e-05
0.999999999951 4.87121206349e-11
0.999999015666 9.84333622819e-07
1.0 1.38241940551e-30
0.999999987449 1.25514359596e-08
0.999999985104 1.48964182086e-08
0.999999727861 2.72139104998e-07
0.999814220744 0.000185779255728
1.0 1.25291159303e-19
0.999996590924 3.40907600454e-06
0.99999999996 4.00460622275e-11
1.0 1.819734121e-16
0.999999905303 9.46972817155e-08
0.999973333594 2.66664056036e-05
0.999999997276 2.72443247175e-09
0.999999999242 7.57703888538e-10
0.999938231194 6.17688056075e-05
1.0 3.54390983305e-15
1.0 9.20852738695e-31
0.999999998068 1.93232958656e-09
1.0 1.52348790145e-17
1.0 1.0134481635e-14
0.999999989977 1.00227877937e-08
0.999999999917 8.3090675918e-11
0.999999662343 3.37656910672e-07
0.999999986209 1.37906457427e-08
0.999999990564 9.4355459884e-09
1.0 4.45062563228e-23
0.999999808484 1.91516050022e-07
1.0 6.20281440941e-17
1.0 3.45643733546e-21
0.999982773195 1.72268053557e-05
0.999999847612 1.52387614763e-07
1.0 6.13072318086e-16
1.0 3.67080944743e-24
1.0 5.6160233677e-17
0.999999999936 6.42159475621e-11
0.999999981841 1.8159186656e-08
0.857393700454 0.142606299546
1.0 1.64411841609e-29
0.999985945208 1.40547917366e-05
0.999999966978 3.30216036382e-08
1.0 2.73450795445e-27
0.999999985587 1.44132734805e-08
1.0 3.34905693168e-13
0.999999714439 2.85560910083e-07
0.999999998916 1.08374735333e-09
1.0 1.71881457748e-19
1.0 1.71238574291e-21
0.99999999985 1.50388491764e-10
1.0 4.77870243772e-31
1.0 4.30320726112e-18
0.999988366158 1.16338416405e-05
0.999999999999 5.62897413519e-13
0.999999999999 7.28079973237e-13
1.0 2.61134071113e-13
0.999979162226 2.08377744254e-05
0.999999999908 9.21612697368e-11
0.999999999907 9.25931374946e-11
1.0 1.25600119109e-15
0.999999609337 3.90663237832e-07
1.0 6.30357096055e-19
1.0 2.21147132001e-14
1.0 2.59744042833e-17
1.0 2.56581679968e-44
0.999999999808 1.91816149128e-10
1.0 4.79595603904e-20
0.999999969007 3.09928737668e-08
0.999999995955 4.04536130601e-09
0.999999999908 9.16630265203e-11
0.999999999979 2.0979971943e-11
0.999999949705 5.02954654851e-08
0.99999999972 2.79827490259e-10
1.0 9.99149550282e-16
1.0 2.49965714858e-19
0.976558842219 0.0234411577813
0.999999999999 1.16528401027e-12
0.999999571767 4.28233189306e-07
0.999999999964 3.55904595348e-11
0.999999999971 2.86576019952e-11
0.999999920087 7.99134834482e-08
0.999999999886 1.14113719913e-10
0.999213567127 0.000786432872634
0.999997678239 2.3217613806e-06
0.999999999225 7.74928340737e-10
0.999999953787 4.62126307602e-08
0.999999224173 7.75826979196e-07
0.999995849709 4.15029127928e-06
0.999999996698 3.30178732399e-09
0.998961138443 0.00103886155663
1.0 6.04401200054e-18
1.0 1.19387404438e-14
0.999999197862 8.02138496566e-07
0.999999996848 3.15159509242e-09
1.0 5.95418625391e-15
0.999964563998 3.54360023561e-05
0.999999997318 2.68231904605e-09
0.999999994469 5.53134211621e-09
0.998061221199 0.00193877880123
0.999962263791 3.77362092343e-05
0.999999999997 2.74459759581e-12
0.00364963676171 0.996350363238
0.999985757824 1.4242176166e-05
0.974673278174 0.0253267218265
0.999843517702 0.000156482298142
0.997112968572 0.00288703142847
0.999976410393 2.35896068877e-05
0.999999999042 9.58500805019e-10
0.999999673803 3.26197067436e-07
0.999999998029 1.97125843207e-09
0.999999999997 2.68746944283e-12
0.999997968886 2.03111429325e-06
0.999936176968 6.38230323671e-05
0.994356521728 0.0056434782722
0.0035294913552 0.996470508645
1.0 2.69213743594e-23
0.999997487843 2.51215658506e-06
0.999999999982 1.78329616753e-11
0.989715490295 0.0102845097046
0.999999999998 2.24760847271e-12
0.999999999947 5.26672161639e-11
0.999155964275 0.000844035724886
0.999992090386 7.90961439179e-06
0.999904816465 9.51835351973e-05
0.9999972482 2.75179954997e-06
0.999999999735 2.64783743093e-10
0.999999031408 9.68591652136e-07
0.994812680464 0.00518731953623
0.999962051011 3.7948988582e-05
0.99999997532 2.46801872553e-08
0.999999995624 4.37636840575e-09
0.999945609925 5.43900753566e-05
0.998990353499 0.00100964650092
0.999999995227 4.77300334974e-09
0.99999999222 7.77961246993e-09
0.00171995473063 0.998280045269
0.999942227993 5.77720067811e-05
0.999265607085 0.000734392915017
0.99999999999 9.9152830417e-12
0.999999999997 2.88144275484e-12
0.117242972855 0.882757027145
0.999999999988 1.20623604737e-11
0.999981998228 1.80017719601e-05
0.999999991209 8.79121757414e-09
1.0 1.54706894369e-17
0.992282615972 0.00771738402797
1.0 2.87121238548e-17
0.999999988612 1.13883518451e-08
0.999547463217 0.000452536782609
1.0 2.74136627458e-13
0.99999999726 2.74004959232e-09
0.408788027631 0.591211972369
0.999766169103 0.000233830897095
0.848955750152 0.151044249848
0.999999958389 4.16110133501e-08
0.968258367867 0.0317416321332
0.999999999692 3.07632468775e-10
0.999999999999 9.879970028e-13
0.999994131074 5.86892614105e-06
0.999802560345 0.000197439654719
0.999952423675 4.75763250689e-05
0.99999961753 3.82469988822e-07
0.113667125562 0.886332874438
0.999989121921 1.08780794719e-05
0.999999972049 2.79508532039e-08
0.999999999717 2.83360203282e-10
0.999999999758 2.42101574782e-10
0.537213145868 0.462786854132
1.0 3.64439628374e-16
0.955774489551 0.0442255104488
0.998656829458 0.00134317054236
0.999999999904 9.56580390535e-11
0.999999948374 5.16257721143e-08
0.889790569029 0.110209430971
0.999999520885 4.79114946272e-07
0.999999234714 7.65286194613e-07
1.0 1.08478244496e-18
0.99999999997 2.98072960176e-11
0.102984281927 0.897015718073
0.999985933823 1.40661774377e-05
0.999999999137 8.62996370414e-10
0.986401193941 0.0135988060589
1.12985390492e-05 0.999988701461
0.999999971994 2.80064235706e-08
1.0 2.53767684106e-17
0.731741901433 0.268258098567
0.990221892474 0.00977810752611
0.796749006004 0.203250993996
0.997401840233 0.00259815976658
0.981670341183 0.018329658817
0.935684902387 0.0643150976133
0.999912073426 8.79265744969e-05
0.965171334482 0.034828665518
0.99236488395 0.00763511605017
0.999999999877 1.2300048309e-10
0.987991561956 0.0120084380444
0.513521105658 0.486478894342
0.996847027096 0.00315297290403
0.624636163744 0.375363836256
0.999997070507 2.92949344261e-06
0.999929285057 7.07149432533e-05
0.9999999974 2.60029344104e-09
0.991478353858 0.00852164614215
0.999546958933 0.000453041067066
0.999998658769 1.34123070468e-06
0.996177532373 0.00382246762703
0.993308542401 0.00669145759943
0.99827062843 0.00172937156985
0.999999998861 1.13942822265e-09
0.999700847267 0.000299152732569
0.999998375897 1.62410280424e-06
0.999999748686 2.51314037477e-07
1.0 1.42526793009e-24
0.999059025067 0.000940974933464
0.999999993021 6.97929991901e-09
0.999999999094 9.05858751599e-10
0.987074733404 0.0129252665959
0.999858328185 0.000141671815073
1.0 3.29436567079e-18
0.999998130125 1.86987452701e-06
0.999678466575 0.000321533424876
0.999999950005 4.9995406453e-08
0.999894336962 0.000105663038242
0.999999998167 1.83288464477e-09
1.0 1.93599739028e-16
0.999999525042 4.74958483273e-07
1.0 3.39847876751e-18
1.0 5.37069045785e-15
0.998133271547 0.00186672845295
0.999958591316 4.14086837555e-05
0.999999993883 6.1172070366e-09
0.999999996812 3.18804064231e-09
1.0 1.28523634231e-15
0.999993665118 6.33488221716e-06
1.0 5.42296594243e-19
0.999998141092 1.85890786095e-06
0.999999995251 4.74939168514e-09
0.999888351818 0.000111648181517
0.998272252186 0.00172774781355
1.0 1.74391855705e-14
0.999998443649 1.55635076786e-06
0.999999999987 1.31106206591e-11
0.999999185687 8.14313132778e-07
0.999999999841 1.59239742542e-10
0.999995236822 4.76317797275e-06
0.999999521557 4.78442861951e-07
0.999998661239 1.33876067599e-06
0.999977948855 2.20511452353e-05
0.999999273227 7.26773187824e-07
0.999999995429 4.57130146929e-09
1.0 1.23076370241e-14
0.999998560314 1.4396857282e-06
0.999999998234 1.76590627629e-09
0.999182555177 0.000817444822899
0.999997690655 2.30934496529e-06
1.0 8.01188491629e-17
1.0 9.55474447413e-20
0.999932116749 6.7883251206e-05
1.0 1.89550362571e-26
0.999938885147 6.11148533382e-05
0.999987593778 1.24062216887e-05
0.999999996671 3.329193641e-09
0.999935520952 6.44790477906e-05
0.922610052468 0.0773899475318
0.999950556962 4.94430381091e-05
1.0 3.89811982847e-13
0.999999885315 1.146847264e-07
0.999999993267 6.73254976356e-09
0.999999525042 4.74958483273e-07
0.999987761397 1.22386032892e-05
0.999989267288 1.07327120963e-05
0.999999999907 9.30654768131e-11
1.0 1.62450633894e-24
0.999995051709 4.9482907617e-06
0.981588316107 0.0184116838934
0.999999989013 1.09873489013e-08
0.999999952054 4.79458553405e-08
0.970768204062 0.0292317959376
1.0 3.39847876751e-18
1.0 6.25358891811e-17
0.999999998987 1.01340935044e-09
0.999993420362 6.57963822665e-06
0.999999999725 2.75131660349e-10
0.999991333018 8.66698206228e-06
1.0 1.97682585415e-18
0.999995610209 4.38979146355e-06
0.999999998301 1.69929888773e-09
0.999886841108 0.000113158892166
0.999999999885 1.15418893461e-10
1.0 1.934120477e-14
0.999999999939 6.10830999921e-11
0.999999999999 1.01453807537e-12
1.0 4.84643700811e-13
0.999999772936 2.27064321763e-07
0.999999082154 9.1784609286e-07
0.999811709382 0.000188290618002
1.0 3.43782444279e-15
0.999999999999 1.14514514186e-12
0.999999990779 9.22057813361e-09
0.998112814229 0.00188718577107
0.998819394053 0.00118060594738
0.999947338258 5.26617421989e-05
0.999266285931 0.000733714068714
0.999997986833 2.01316733494e-06
0.99999466681 5.33318985815e-06
1.0 3.61372230939e-19
0.999833411196 0.0001665888038
0.999999999514 4.85555727184e-10
0.999999999909 9.0718298246e-11
0.999999998028 1.97205814179e-09
0.99999999985 1.50506349422e-10
0.999999930306 6.96941348893e-08
0.999999237425 7.62575142654e-07
0.999998843548 1.15645192354e-06
1.0 6.13072318086e-16
0.999903454943 9.65450570319e-05
1.0 3.3140962709e-19
1.0 8.26747007914e-26
0.999999266648 7.3335156328e-07
0.999168051703 0.000831948297403
0.999999916029 8.39707379449e-08
0.999999999998 1.9631119188e-12
0.999899387674 0.000100612326347
0.999999999999 1.2310353245e-12
0.99999999166 8.33981192583e-09
0.999996582059 3.41794108581e-06
1.0 2.06482392798e-14
0.999999999979 2.09917130426e-11
0.999988754449 1.12455508525e-05
0.999945334407 5.46655925682e-05
0.999995988644 4.01135576677e-06
0.99999999997 3.04657144513e-11
0.944852139479 0.0551478605211
1.0 7.02652846354e-16
0.999999991938 8.06187779131e-09
0.999999916029 8.39707379449e-08
0.999965817578 3.41824224466e-05
0.999999683229 3.16771056389e-07
1.0 3.87329005853e-33
0.999999999977 2.26480419474e-11
0.999999999996 4.49159023601e-12
0.999999999847 1.52618923938e-10
0.999999164906 8.35093952326e-07
0.999999999971 2.91425477702e-11
1.0 1.63093974677e-14
0.99999998939 1.06104425183e-08
0.999999997389 2.61107348103e-09
0.999999998617 1.38349340669e-09
0.834673189589 0.165326810411
0.998347750179 0.0016522498205
0.740632616597 0.259367383403
0.999996639153 3.36084747216e-06
0.999847112616 0.00015288738355
0.999978007159 2.19928413507e-05
1.0 2.48487425618e-17
0.99999996993 3.00700854672e-08
0.999948393681 5.16063194768e-05
0.999999993187 6.81262814089e-09
0.999162818861 0.000837181139126
0.999999895908 1.04092076631e-07
0.999998541097 1.45890259364e-06
0.999997235392 2.76460835619e-06
0.999997161426 2.83857408506e-06
0.999998678359 1.32164068053e-06
0.999999815268 1.84732083007e-07
0.99998698927 1.30107300042e-05
0.985581983661 0.0144180163387
0.999940102786 5.98972141984e-05
0.999999947613 5.2386646248e-08
1.0 1.68174366069e-15
0.999998567715 1.43228521765e-06
0.999998550679 1.44932107915e-06
0.810364814901 0.189635185099
1.0 2.90923862864e-15
0.999999040307 9.59693348852e-07
1.0 1.91987159193e-20
0.999435079174 0.000564920826327
0.99578251294 0.00421748705969
0.0233278469221 0.976672153078
0.999980706396 1.92936036454e-05
0.479243795303 0.520756204697
0.999999999858 1.41948333244e-10
0.989748293898 0.0102517061015
0.992901139866 0.00709886013396
0.897237476585 0.102762523415
0.999799499486 0.000200500514116
0.999987791296 1.22087035348e-05
0.999999992124 7.87556948642e-09
0.999999948088 5.19115948686e-08
0.999999993211 6.7889258928e-09
0.999946466235 5.35337652544e-05
0.999999995012 4.98764954967e-09
0.999999999827 1.73119101405e-10
0.95829788311 0.0417021168895
0.999943507707 5.64922926707e-05
0.999999923214 7.67855910381e-08
0.999999984759 1.52414290954e-08
0.999999949771 5.02291250549e-08
0.828468932558 0.171531067442
0.999978676025 2.13239751634e-05
0.999999999346 6.54463143693e-10
1.0 1.74012892089e-15
0.998823498325 0.00117650167513
0.979004393168 0.0209956068316
0.999821166135 0.000178833864641
0.963336896601 0.0366631033989
0.999999992869 7.13140884594e-09
0.999990683378 9.3166222472e-06
0.0217241972618 0.978275802738
0.999994864972 5.13502849166e-06
0.936193032474 0.0638069675261
0.0762851674581 0.923714832542
0.0559054147523 0.944094585248
0.999999911921 8.80787302272e-08
0.991803204787 0.00819679521312
0.999999989969 1.00312951399e-08
0.999999994862 5.13815953413e-09
0.990436202291 0.0095637977092
0.999370467681 0.000629532319118
0.999999997242 2.75762410052e-09
0.999999926437 7.35628512573e-08
0.998860544486 0.00113945551415
1.0 2.72725594378e-13
0.999999964196 3.58036688389e-08
0.999999778524 2.21476332753e-07
0.999995468083 4.53191715149e-06
0.999921849708 7.81502923285e-05
0.999999955216 4.47840614373e-08
0.999999999988 1.17206483748e-11
0.999999999998 2.07841610758e-12
0.999957241325 4.27586744996e-05
0.999999435935 5.64065260166e-07
0.999999205327 7.94673096521e-07
0.999991604527 8.39547348136e-06
0.999999997906 2.09372547272e-09
0.999999958226 4.17743382593e-08
0.999998428071 1.57192910371e-06
0.999998789261 1.21073903905e-06
0.99999810173 1.89827016753e-06
0.39379798053 0.60620201947
0.999999999997 2.57018729579e-12
1.0 4.70700523101e-21
0.999948882458 5.11175415989e-05
0.999999987668 1.23317163536e-08
0.676586957848 0.323413042152
0.0794866487477 0.920513351252
0.968786258561 0.0312137414388
0.994193001291 0.00580699870917
0.00343593080226 0.996564069198
0.0152001714299 0.98479982857
0.0238828540408 0.976117145959
0.999921203654 7.87963462674e-05
0.933881272801 0.0661187271994
0.996072036922 0.00392796307839
0.99999987185 1.28149536226e-07
0.994639941247 0.0053600587525
0.999091990615 0.000908009384603
0.972412785114 0.0275872148862
0.996033631729 0.00396636827058
0.998953349116 0.0010466508845
0.0104222959264 0.989577704074
0.902513129598 0.097486870402
1.65916172614e-06 0.999998340838
8.78362474396e-06 0.999991216375
0.932252947647 0.0677470523527
1.59611917185e-05 0.999984038808
0.000785623752166 0.999214376248
0.0161859214233 0.983814078577
0.00239443689363 0.997605563106
0.997372900525 0.00262709947534
0.999078742607 0.000921257392538
0.999997800636 2.19936424685e-06
0.999999999997 2.81390933486e-12
0.999995502264 4.49773562593e-06
0.358884670441 0.641115329559
0.0896108518701 0.91038914813
0.999332934562 0.000667065437935
0.0192690903146 0.980730909685
6.34669171542e-05 0.999936533083
8.23164124172e-07 0.999999176836
0.999253000259 0.000746999740626
0.342378370061 0.657621629939
0.999366963618 0.000633036381744
0.74466146135 0.25533853865
0.998338573351 0.00166142664879
0.999999939039 6.0960620985e-08
0.675566042476 0.324433957525
0.102594846679 0.897405153321
0.989436077509 0.0105639224907
0.999921119551 7.88804489571e-05
0.999968773946 3.12260542745e-05
0.188365474952 0.811634525048
0.837156174952 0.162843825048
0.233279097524 0.766720902476
1.81728113765e-05 0.999981827189
0.999995802169 4.19783137744e-06
0.99389244206 0.0061075579395
0.344349930665 0.655650069335
0.871065704617 0.128934295383
0.999530980754 0.000469019246458
0.999019990173 0.000980009826767
0.999832089833 0.000167910167213
0.958824798446 0.0411752015541
0.640462509518 0.359537490482
0.000835071526663 0.999164928473
1.0 1.90549229877e-13
0.000476793240968 0.999523206759
0.999937410789 6.25892107872e-05
0.000159854254307 0.999840145746
0.0209007424842 0.979099257516
0.0500559600388 0.949944039961
0.993566335236 0.0064336647638
0.999999645259 3.54740718099e-07
0.987224152143 0.0127758478573
0.118030671016 0.881969328984
0.999943914176 5.60858238587e-05
1.0 3.17675160265e-14
0.999990920623 9.079376671e-06
0.999667814439 0.000332185561335
0.999998861318 1.13868202368e-06
0.999796979224 0.000203020776357
0.98631190144 0.0136880985598
0.998859737754 0.00114026224649
0.999999549986 4.50013822387e-07
0.999999997137 2.86259027322e-09
0.999727059134 0.000272940866491
0.920884961008 0.079115038992
0.998653721935 0.00134627806537
0.00148414270996 0.99851585729
0.543664213331 0.456335786669
0.701811544144 0.298188455856
0.999390493784 0.000609506216378
0.222974536744 0.777025463256
0.999994102901 5.89709893764e-06
0.998448361245 0.00155163875538
0.999065480162 0.000934519837823
0.995923050625 0.00407694937504
0.513916926849 0.486083073151
0.468325551824 0.531674448176
1.0 9.07048089171e-14
0.999912354808 8.76451915449e-05
2.04932184764e-08 0.999999979507
0.000423837275678 0.999576162724
0.999589109809 0.000410890191211
0.999954530251 4.54697489659e-05
0.988102701302 0.0118972986982
0.99386162602 0.00613837397993
0.968976693204 0.0310233067957
0.831586405385 0.168413594615
0.99999804095 1.95905041032e-06
0.999915746922 8.42530783553e-05
1.0 1.53851608955e-15
0.999999729564 2.7043568627e-07
0.00397823636107 0.996021763639
0.179876061241 0.820123938759
0.000117951531214 0.999882048469
0.791473786825 0.208526213175
1.0 8.1217921509e-14
0.997711815916 0.00228818408357
0.999999784504 2.15496219079e-07
0.999999999977 2.32022438723e-11
0.999160118932 0.000839881067928
1.86417211385e-05 0.999981358279
0.0945776894067 0.905422310593
2.47110498364e-07 0.999999752889
8.90683343088e-05 0.999910931666
1.90744964067e-13 1.0
3.29661497014e-09 0.999999996703
0.000827177552169 0.999172822448
2.14427571588e-07 0.999999785572
0.963990997924 0.0360090020756
1.16455746708e-08 0.999999988354
5.75139452358e-05 0.999942486055
0.687791086715 0.312208913285
3.1483468102e-09 0.999999996852
0.00069648958682 0.999303510413
4.85665850406e-10 0.999999999514
0.00043143751979 0.99956856248
0.999985511963 1.44880372917e-05
5.1732395846e-09 0.999999994827
3.05754861856e-13 1.0
2.30452392555e-11 0.999999999977
5.65540870108e-07 0.999999434459
0.999994930442 5.06955813102e-06
0.973536345838 0.0264636541618
8.41788419064e-05 0.999915821158
0.000253467740642 0.999746532259
9.83360085088e-16 1.0
4.15250869389e-07 0.999999584749
0.995210035223 0.00478996477721
1.25167884582e-07 0.999999874832
0.0629792220692 0.937020777931
0.957043375637 0.042956624363
0.724674141307 0.275325858693
0.999995535763 4.4642368686e-06
3.70050670017e-05 0.999962994933
0.197348364662 0.802651635338
0.965822316491 0.0341776835091
1.75339006461e-06 0.99999824661
4.28797200572e-10 0.999999999571
0.0687347150513 0.931265284949
1.11600554194e-08 0.99999998884
0.00632156488735 0.993678435113
0.601684685751 0.398315314249
3.75211984707e-07 0.999999624788
1.63197381321e-06 0.999998368026
0.000421174464215 0.999578825536
0.882107677185 0.117892322815
1.10447030321e-05 0.999988955297
0.183584559148 0.816415440852
0.0393334123032 0.960666587697
0.035445128079 0.964554871921
1.23909564637e-19 1.0
9.69430746443e-08 0.999999903057
6.11475229001e-07 0.999999388525
0.277970260917 0.722029739083
0.695057114818 0.304942885182
0.000825157960539 0.999174842039
0.00147626967133 0.998523730329
1.7977206159e-11 0.999999999982
3.32225358776e-13 1.0
9.51287989045e-10 0.999999999049
0.768613917798 0.231386082202
0.048432226137 0.951567773863
1.9009118028e-11 0.999999999981
0.000267599438343 0.999732400562
9.8270513477e-07 0.999999017295
8.50073532813e-06 0.999991499265
0.993551544938 0.00644845506207
0.967727388463 0.032272611537
0.997749351374 0.00225064862617
0.131202220969 0.868797779031
0.999950994078 4.90059218542e-05
0.269280578445 0.730719421555
1.04229579306e-08 0.999999989577
1.68258907238e-09 0.999999998317
7.81498567595e-13 0.999999999999
2.96209666567e-08 0.999999970379
4.27570302306e-10 0.999999999572
5.1781563795e-07 0.999999482184
1.40084586232e-09 0.999999998599
0.987800879163 0.0121991208372
0.6888422703 0.3111577297
1.41271046513e-09 0.999999998587
