1.41421356237
10.1757635165
9.59362008777
10.7183436819
7.80188947494
8.31002323464
8.39875142861
7.55757328286
10.2853770314
10.9733462686
10.2190897038
9.9967617114
7.95718928381
10.6805057629
7.45313624924
9.6330600781
8.97052147387
5.20691049766
5.58849119032
7.0843352375
7.78815619845
9.77504229712
6.41377948605
5.71475542574
8.83479330478
7.86223463245
6.36196121782
8.41749284311
7.83111676801
11.5398145101
6.99884233303
7.37401932064
6.10624807863
6.38952429571
9.04094646791
6.13775650263
11.3699713526
10.4289309771
9.56954244521
5.99636684995
10.4569519205
4.75415090082
6.55816887975
4.77781325968
6.79377776888
5.25631870436
8.50597419109
7.56098679125
7.68968913543
9.54123293108
7.8522211929
5.84898139639
4.06170870014
5.61805705097
6.01273697265
8.1347772309
5.65277797478
8.23080914008
4.74422276728
8.70850348304
7.53137818878
10.2796750518
6.28956388562
7.65914876778
3.75154314354
6.63610827934
7.06200245889
7.41765646379
7.07557411883
12.0970926814
7.26113439902
7.08397296244
6.84457643307
3.9256999569
8.03194206253
7.04326153592
7.86816722851
7.3944615527
7.50953388402
7.82213670944
4.35456633679
5.26566156419
7.08453738815
5.61819395899
11.3738379919
7.06733112893
7.10089952318
8.25506903761
8.57072918551
6.15134065029
12.0640399938
7.72400066983
12.2620334453
8.42045730303
6.55305176452
8.21035081354
6.46384328329
10.9269532114
10.3107300276
9.59736688201
7.09513887719
6.43534026202
14.2138302085
7.84987538779
9.12392930865
10.2014564557
6.68351401473
11.287347373
9.92941869032
10.923669087
4.68531167879
7.58578964324
6.09461391487
13.5270683711
11.6733691543
13.7978997474
8.21753580511
12.1742515151
9.94633189964
12.14380314
8.54922669549
8.98428764709
8.59853626425
12.8309515203
9.91877376193
7.00484580412
9.79780137498
8.17716021324
8.16304739643
9.28087386761
9.7825162981
9.6374519673
7.70460102055
9.21246449324
7.34954597078
7.83707893505
7.12242019311
7.97143974127
4.4487626376
5.26769583714
6.87795317184
9.17502691006
9.13778560627
8.35793707219
6.38862251315
6.71590322758
12.6113670432
9.34520764082
7.96078940447
9.55736795189
6.37727558899
8.00840411328
4.11167498539
9.57690132471
8.40727058426
3.83709134908
4.86104256924
7.8852655037
11.0474838698
9.41444629668
7.53058975535
8.29978146176
7.9580415057
6.92001121719
6.0044227045
10.8765271372
5.88574591565
5.29594658952
4.25984240552
7.49862919041
7.61806193745
8.42458551206
6.61000073157
7.77893985419
7.7874000979
6.4499166194
4.1877352904
6.50424252274
5.93895897591
4.97968286625
6.06685071356
5.25137104497
5.71088962988
10.0607963822
8.16394056896
6.44484026291
5.95014449176
5.31266072778
5.81122081908
6.07294740017
5.91588101009
8.82590342941
9.72952402219
8.80844555894
6.23808215447
6.47529839831
8.06516119331
7.41296142214
8.68004352225
6.89312869703
6.56850524459
7.85440940782
6.44182136951
11.8827486197
10.4092597193
9.08470766575
11.4008167946
7.25605243494
7.63644562477
5.59037846894
4.54645232416
4.68576952508
6.30526209956
11.0454175901
9.70928007617
6.95563519423
6.78058601652
9.04793276602
4.19861849101
6.36460495853
7.39075387795
8.99846545826
7.90475568981
7.85671143821
5.77008730143
9.1956893638
10.3059294319
7.23759107662
11.0953026895
8.33119626378
6.17450522478
5.86724679007
6.91033725103
9.04698258971
8.36197443174
6.20354195611
11.0998862781
7.30638693474
3.98229454665
9.71186642967
6.51936570974
4.58509833674
6.09024694559
7.83796945973
12.0467605234
6.14571665073
7.33564875452
6.7316680295
5.43924896934
9.68442133498
6.46109356339
12.1477052147
6.09240078352
7.96202118138
7.6376739032
4.73726609706
7.08864678508
10.9690015313
6.2210452221
9.81048176954
8.93784823765
7.19639239031
5.95842105104
8.8077212933
6.70798906082
4.01587695411
8.51387260254
5.34580285433
6.57666754734
5.4148907275
6.10014616734
7.84064535962
7.11402827941
9.43262141948
9.97822067304
6.26643432117
7.75727106265
5.93914101893
5.82353008152
5.08478156738
7.44298982741
6.83261243054
6.15551257101
6.35674485109
6.34871973003
9.06531304478
8.23042928736
9.4959996073
8.49597189329
8.2231316851
8.74635413699
7.19965735911
7.78161253173
7.43067380509
8.12366711432
6.41004192047
7.96204160736
9.9787980352
10.875834895
10.8480348104
9.30390390343
8.06708991006
4.45406213633
7.04484805437
5.67216560512
4.8364690322
6.66683884453
3.98739090317
5.04200732518
6.02910968784
7.49486744276
5.43121492018
7.69598463674
9.1517954708
7.39993260299
5.52525442778
4.72772561495
5.48278063205
10.4515121821
6.73991796518
6.65643506776
4.6968518292
6.29980841553
6.85451318248
6.84672304618
9.67054381316
8.6088029498
8.49242821137
5.80562591761
3.96142559989
4.38936523648
5.4488209443
7.0614646503
6.68612504174
7.35434901938
5.7907700026
6.54748913376
7.7162714736
7.13424753561
6.69382051191
6.81998184162
4.68454397802
7.81075110162
7.64681431788
8.08089561376
7.33589007075
8.73868472576
8.09540232722
6.90925014873
5.55756437844
9.00363506413
7.18575583134
6.23551888955
7.25388542617
7.982736633
7.21881141645
5.94432663727
6.45198083835
7.98314972673
7.85581866202
4.47290213619
5.02923779455
5.18986321365
7.16599262062
7.20051755758
8.38607496817
7.07588465544
7.1201937499
6.50488864816
7.87168927044
6.86462615682
6.80456306115
6.59690927661
7.09157768185
6.42506149179
7.0217942791
8.88887751728
5.77978428089
7.05147448102
6.60327915228
5.35920894521
7.05312281415
9.26005730598
6.92902120936
8.65177800705
6.65703415206
5.58034373109
5.79591035512
6.97088316657
7.53531091939
7.56739756644
4.77836082382
6.21050268878
6.00988319519
5.42933348659
7.23351729926
6.35595091731
2.52425438613
5.28947083716
6.26340758048
5.45124807147
6.63915045113
5.85988859553
5.53298162969
6.37117547285
8.21373796103
8.95129400492
7.6910562045
6.90438235127
6.64288954789
10.1161613849
4.39468012091
7.49857187754
10.0768893579
5.91443392615
4.71719575728
7.5856206605
7.32273702829
7.72602328535
5.01384387561
9.78211361786
5.02891780884
4.86594929191
6.79945044148
8.13081306708
8.2507306619
11.6535086566
5.15401128993
5.5043706673
8.80409976869
9.6554101048
5.82110580887
7.27715182381
7.19984150307
5.48527519107
12.2315102919
9.13264437414
8.57792693114
3.85531900072
6.22127599745
9.83262219354
5.16195234092
5.50440272997
8.58154905438
5.49115577184
6.0030587967
6.90453462571
9.83532264811
5.42357511936
4.78995851817
6.716364966
5.67850374254
9.54800201081
7.41309497751
10.6547473845
8.79981694252
5.54858030555
6.07902482116
5.50870695384
10.2856566461
7.22647328451
9.39253835788
8.64392322332
6.61782622677
9.16515633693
5.57945251328
8.84839560076
7.32125134035
7.40194235899
8.37440586501
5.46552960994
5.62179517805
7.44821141584
11.0518701207
6.74250340665
7.10163090269
6.12545482368
8.26087776859
6.81053117975
8.41373249359
8.54756636058
7.93385363373
8.49459442355
9.30870282263
4.41247211116
7.60085798715
9.28902051227
9.11857461153
4.8011193483
11.3239205981
8.68764831236
5.38526028885
4.28011581105
6.11506311046
3.33064740055
4.6359111011
8.34179589527
10.8959498217
8.86172200675
8.74049941916
7.57406792389
6.68266578523
7.20458899429
10.1591516793
8.08872430002
6.80819079031
4.46772062691
7.25159587248
7.13687614519
8.88501813992
6.36943632781
4.48460543889
5.85670049626
5.46804399759
9.20872514042
8.01203984323
7.15924899249
6.54211838702
5.44026868953
3.86820577381
6.56372200939
6.2901605986
4.86277655594
4.24284560819
7.90679484995
7.54384837702
6.97022755182
6.4294656973
5.74061425458
6.52215129111
10.69190834
7.90997528209
11.530147551
5.98459632029
8.28964504291
9.47400749094
4.48889222846
7.96317944676
4.88678383687
5.80931791143
6.32604543836
5.33526482213
6.7815316943
4.7191600166
7.0215629378
8.74001224405
5.85541116259
6.27302634578
7.31817074742
5.77954295128
4.94133864186
7.22385303148
6.26723424313
6.88120578922
6.29086336275
8.65572312986
10.3374119416
4.66641249075
5.54316327638
16.1873934246
6.28116542954
8.44269243195
6.67153194535
8.89209459981
4.90560131701
17.6700574619
7.60088283827
5.41509265264
6.69992961835
8.33363604649
8.72424327781
9.9859217147
13.8086474811
7.25689191769
10.6267514007
7.63614283966
8.96255661945
7.18557740949
6.64068460606
5.41111673472
5.54391530612
7.04418357815
6.26285365338
6.3200976788
10.2998840919
8.49319435138
6.9262165138
8.53095839572
6.28707270269
5.34895786269
4.28426045757
6.87313459845
7.88960808683
3.91808836456
8.38349174592
7.63098554912
4.04622703456
9.80126124427
6.40120057869
6.18597302069
8.29245895033
4.47668133895
5.57875931594
7.69851697127
8.49801738827
6.44780252233
6.42635495701
9.18897732179
6.83791228453
8.03029730908
10.1730307836
10.0282299994
4.80314034728
4.17187941096
11.0282674513
10.0398586845
8.52271962745
5.59732842703
6.42149695742
7.55326046537
7.1793759609
8.48230891321
9.93011902322
7.80687763522
6.45039800633
7.55139031924
4.94068389797
7.54614191895
6.4811875707
6.30724628104
5.76799157848
6.97351111333
8.97470425425
9.08537402607
7.61639751631
9.45641875702
7.94931975037
6.77129682818
6.13378949336
4.77764231095
8.13104031151
6.20792155994
6.57693963705
6.88867861303
4.39153244023
6.41923570066
8.03001498513
5.50711538282
7.00142765163
8.20850194426
6.81397342489
6.21539000727
7.92790869401
6.40458463352
6.89066654802
8.33896083763
8.51346503509
5.45788232242
5.96246059164
6.67786422588
5.82703793818
6.26128588731
4.71607978916
8.91271223388
7.08193192213
6.55166352986
7.26924772836
5.29310521401
5.98197780998
7.2529755968
6.75353999453
5.12225106213
11.0030539208
9.4304484208
8.47953109555
7.16731837333
9.11983266513
5.21441226309
4.85598234809
6.87513171153
7.47112084549
7.55824182354
6.20268276857
7.2060971976
6.95359512914
6.33606244061
7.97618570308
8.58323427456
7.73580801431
5.80782246955
5.54774311931
7.80588398512
8.16601379161
4.98791882483
5.98475306795
6.72510232936
6.2013578144
7.18567087049
11.6112440935
10.4990534076
6.57175192019
8.12108711331
8.12290188956
6.476563201
4.33788233757
9.28996608788
4.29899797451
8.7899810137
8.79835933891
8.23859703727
7.74018955468
6.77986796005
6.70258815067
5.71659068985
7.41321983117
5.80855863978
5.78546367873
4.63219320805
8.6938500056
7.16988282769
6.39657842037
6.8792851443
8.47211975086
8.2594666863
6.18833835546
3.76659221622
6.38737002554
5.59825188417
10.7277249597
8.03970059793
10.8336831061
5.14150617284
3.14994413383
6.9307049432
6.21931362656
7.18426896922
6.3298694418
8.0252257093
4.08656566785
7.03151748973
7.026390837
7.09911745143
7.27128062617
8.20174747206
10.9281444779
7.64263646352
5.29207950735
5.73705433032
5.16181086157
7.02359536227
8.00599120883
7.94320170005
5.93880062817
7.71172114689
6.47170160737
5.46448370836
6.15937764468
3.09944079137
7.12248688346
6.85640231937
5.48219749861
13.9277808635
8.39299939067
6.80370108753
5.71793322755
6.09855010459
7.05268642864
5.828217679
8.18247509677
7.31202713253
8.29542884205
7.73303651523
6.1783318908
5.78134671541
3.68646570962
6.76629599338
7.23974913347
7.33342983231
6.79201948601
8.4051297014
7.36585060117
6.26712146278
8.22485459704
5.55175336188
4.63579211255
6.3274882728
7.01957880342
3.62709098798
4.13201259034
10.3836367388
4.67642144934
4.67157607226
5.98616666797
5.7829121202
5.50311911529
7.98210949768
8.90118787061
8.93303096295
6.05654956817
5.75108505074
4.84028459655
5.82341251289
2.92167142404
3.57314925922
6.87101283116
7.18505036682
7.86449154952
6.00847285595
5.32842794934
5.34382145544
7.72026627922
5.48988787308
6.30493681348
7.63611001394
7.18471318603
5.26883256369
5.81921597856
6.80881750744
5.58314398908
6.14425711727
7.29047362978
5.45492029281
6.58915655151
5.15169628996
5.96757000688
4.60176843825
4.91598604873
4.35341492632
6.70387819765
3.55027458729
8.30784863623
7.14352744163
7.3029956291
4.49513852995
7.38137539013
4.83105142043
3.275799533
7.9527191133
6.78153248196
5.77797810952
3.70993300817
3.06438547036
7.24385540976
5.02248346928
7.22657895951
10.0083376347
4.71498903791
6.39348658114
8.90471331358
4.24798275232
4.93814248154
6.57299176847
8.51089814463
8.13870496232
5.13891344151
8.08679686922
6.18520115529
5.85070404552
6.61328051814
8.44274923173
5.800843397
3.83456361671
5.53021327623
6.88890577903
3.14779558827
6.65902104375
3.95871432467
5.82429582084
6.19653056749
6.54951410219
5.27295236061
7.54262122446
7.3179280342
6.79617963
7.84783514183
6.07768693073
5.51370855166
6.94642182245
8.94307559406
6.48582393987
5.21222063473
3.83017304839
10.0860840313
5.22167517238
7.84721023773
6.28148011388
3.96651829797
5.554294421
6.79805023762
6.09029510515
8.17057458749
6.20188479351
6.50380454157
6.21031809402
6.20318448854
8.06018282763
5.21295869008
3.87026631302
6.80469726813
10.237325272
8.76371766885
4.13455497879
6.54859820892
4.36880105607
5.59063727942
6.04893236397
7.49446880646
6.53686564032
4.39957702
5.77657275146
4.9484191048
4.40530120941
5.95277983742
4.84558091955
5.32752336342
5.28102876538
3.4706336355
6.43636893273
5.55972923037
6.2568338278
5.42936146078
5.75048919657
6.54855511992
5.83196923053
4.02869942014
5.47545874062
6.94547089934
8.10480547811
6.65156598427
6.40682959048
6.83649431092
5.83253230268
6.60463910448
6.71885959911
4.3195953406
5.15059125195
5.39945747044
4.00346114391
3.88321729708
4.00401629725
6.59084186936
7.15478957205
5.10524082188
5.62866056321
5.49276641531
7.2075665979
4.55490427946
6.23786769385
5.53514789564
3.66870145951
4.78071720268
4.47531633086
8.67941364105
4.38780339557
6.63909660988
5.46231074195
6.03498962337
4.76582093938
5.8714547715
5.96791557853
7.18898327073
5.44485379911
4.47869388557
5.48776218985
5.59135849327
4.41730094932
7.55378264915
7.10033078699
4.88848429859
3.89938866523
2.70340870772
10.1258586116
4.35481261182
8.64830046911
3.98374193498
4.31378400728
4.96058084982
7.24753394323
4.82707763052
5.09445976865
5.53808649349
10.5237360834
4.83336294834
5.36371583534
4.13895662014
7.45386431097
5.6585571194
8.33784545521
8.51284019305
4.80184084141
