0.0
0.0375637
0.0299239
0.0224684
0.0424468
0.0265125
0.022793
0.0565114
0.0549956
0.0374193
0.027167
0.062923
0.0484079
0.0657572
0.021303
0.0364272
0.0691204
0.0179475
0.0229121
0.085069
0.0637863
0.045573
0.017759
0.0197602
0.0276304
0.0371242
0.0319701
0.0401961
0.0770942
0.0656329
0.0521439
0.0600052
0.019665
0.0293564
0.0727781
0.031264
0.0938013
0.0769897
0.0917837
0.0252764
0.0505249
0.0167489
0.0273203
0.0172378
0.0308972
0.0403904
0.0333561
0.0478055
0.0351639
0.0717772
0.0844616
0.0352077
0.0255426
0.0242651
0.0168827
0.0404285
0.0261555
0.0342596
0.016628
0.0363203
0.0403048
0.0491292
0.0569589
0.0401089
0.0285545
0.0223555
0.0272096
0.0350184
0.0215157
0.0393905
0.0355727
0.0535918
0.0542374
0.0156689
0.015671
0.0293027
0.0252518
0.0446616
0.0346944
0.0365265
0.0073858
0.0309377
0.0325787
0.0315974
0.0517226
0.0564869
0.0615088
0.0408273
0.0376711
0.0232181
0.0682105
0.0378128
0.0325914
0.0294276
0.0167794
0.0331159
0.0394507
0.0387336
0.0497223
0.0532335
0.0179062
0.0225762
0.0579132
0.0299254
0.0364415
0.0442531
0.0336127
0.0506221
0.0447103
0.0381658
0.0291783
0.0364429
0.0112643
0.105795
0.107936
0.0762416
0.0459253
0.0991557
0.0723841
0.060594
0.0843174
0.0622797
0.0499962
0.0671831
0.0698101
0.0288615
0.0415515
0.0286165
0.0385309
0.0555299
0.0869134
0.0513683
0.0282696
0.0637985
0.0447437
0.0427476
0.0370243
0.0926667
0.0290537
0.0217304
0.0302361
0.0464601
0.0270292
0.0545633
0.0343955
0.0272447
0.0908121
0.0477526
0.031448
0.054491
0.0446733
0.0961954
0.0274683
0.0468103
0.044574
0.00762594
0.0128179
0.0437817
0.0506158
0.036965
0.0407535
0.076687
0.0937958
0.0421137
0.0620271
0.0516746
0.0402865
0.0966788
0.0314446
0.0350344
0.0582205
0.036712
0.0283324
0.0620228
0.0685539
0.0245974
0.0355001
0.0203521
0.0375435
0.0482903
0.0181303
0.0723648
0.0291618
0.0881996
0.0467861
0.048231
0.029937
0.0339201
0.0180864
0.0273256
0.0394486
0.0249435
0.0481242
0.0423363
0.0314269
0.0195001
0.0548269
0.0180527
0.044532
0.032101
0.0339881
0.0130349
0.104106
0.0371724
0.0374521
0.0506108
0.0241356
0.012561
0.0752679
0.0538427
0.0373285
0.0804798
0.0432546
0.104587
0.0489949
0.0393504
0.0561521
0.0775937
0.00455506
0.0615272
0.0313078
0.0490038
0.0661627
0.0407316
0.0247425
0.0362926
0.0987522
0.0205321
0.0749522
0.0570612
0.0462788
0.0253133
0.0653012
0.0863919
0.0666456
0.00662646
0.0580799
0.014552
0.0413348
0.0693913
0.0372383
0.0677888
0.0799474
0.0822892
0.069487
0.0527112
0.0287042
0.0278446
0.0212425
0.04603
0.0594395
0.102115
0.0130428
0.0234641
0.0442021
0.0599807
0.0258335
0.0585257
0.0291987
0.0384071
0.0388304
0.0704901
0.0347143
0.0395902
0.124173
0.0499165
0.0495461
0.0284299
0.0624693
0.0240285
0.0318593
0.0658932
0.0566812
0.0456475
0.0644811
0.0291871
0.0276329
0.0376182
0.0463101
0.00832321
0.0178615
0.0362031
0.0173926
0.0342935
0.0239789
0.0344354
0.0279428
0.0396854
0.0538292
0.0851074
0.0366053
0.0253712
0.0297612
0.0391567
0.0197528
0.0444838
0.041713
0.0635075
0.0543461
0.0814016
0.0333352
0.0357503
0.0105048
0.0557391
0.0155907
0.037144
0.0108524
0.0540867
0.0128869
0.0246865
0.0180645
0.00875271
0.0694362
0.0324663
0.0572169
0.0346472
0.014158
0.0537606
0.0543856
0.0286786
0.0398891
0.0116804
0.0437427
0.043176
0.0194993
0.0523392
0.0563565
0.0560091
0.0287238
0.0182347
0.00764506
0.0144897
0.0235603
0.0434761
0.0790021
0.0246882
0.0325958
0.0141404
0.0699633
0.0471266
0.0228823
0.0176141
0.0516152
0.031636
0.0345763
0.0366057
0.0459932
0.0315597
0.0436468
0.0350633
0.0375677
0.0154966
0.0121696
0.0471712
0.0465342
0.0568226
0.0294404
0.0216521
0.0279448
0.0462287
0.0133661
0.0361833
0.0259243
0.0344576
0.0285798
0.0524127
0.0572177
0.0294079
0.0423887
0.0376104
0.0250724
0.0143582
0.0374217
0.0300934
0.0338006
0.0345606
0.0460772
0.0262525
0.0577846
0.013061
0.0445981
0.0347866
0.0564437
0.0713887
0.0421021
0.0199396
0.0513931
0.0784783
0.0259873
0.0425417
0.0272211
0.00737247
0.013121
0.0187288
0.0588568
0.0721146
0.0072422
0.00933535
0.0433353
0.106015
0.0233556
0.0216641
0.0255815
0.0376089
0.0800656
0.042942
0.0602673
0.0455106
0.0603766
0.0405422
0.0464443
0.0209307
0.046908
0.0741459
0.016707
0.0229748
0.0693812
0.0343691
0.0203449
0.0207737
0.0514308
0.0386804
0.00915056
0.0449084
0.0394603
0.0279993
0.0585352
0.0517927
0.0174606
0.045514
0.016057
0.00833829
0.0448615
0.0670856
0.0372763
0.0700763
0.0470671
0.0485426
0.0150945
0.0220681
0.0441686
0.0146987
0.0218071
0.0581929
0.0228097
0.0260039
0.0152638
0.0552666
0.0180212
0.0849699
0.00939346
0.032654
0.0562899
0.0466335
0.0532915
0.0424424
0.0407186
0.0123008
0.0221206
0.0438017
0.047639
0.0364537
0.0690257
0.030262
0.0681741
0.0378311
0.0473484
0.0617198
0.086603
0.0478893
0.0286784
0.0586563
0.0388434
0.0313445
0.0388488
0.0247744
0.0319513
0.037558
0.0380515
0.069278
0.0576728
0.0667517
0.0752623
0.0467048
0.034646
0.0299688
0.0580267
0.050772
0.0113981
0.065371
0.0323124
0.0268156
0.0132018
0.035803
0.0184633
0.0241229
0.0457519
0.0335662
0.044352
0.0247203
0.0177307
0.01386
0.0280234
0.0451033
0.0424273
0.0296758
0.0178627
0.0471835
0.0406174
0.0479778
0.0203234
0.0265697
0.0144361
0.0805753
0.036537
0.0395182
0.0396627
0.0236488
0.0288985
0.0206006
0.0488614
0.0521189
0.0566354
0.00977961
0.0509648
0.0354599
0.0743907
0.0618873
0.0679812
0.0266056
0.0400464
0.015076
0.0380428
0.0169904
0.0934012
0.0678958
0.0272233
0.0414418
0.0362256
0.013812
0.0230649
0.0210627
0.0458459
0.00824348
0.0663453
0.0511248
0.0457239
0.0348961
0.0240922
0.0441343
0.0392287
0.0501369
0.0290594
0.0183957
0.0710976
0.0330292
0.0368565
0.0239275
0.0338886
0.0691244
0.0304149
0.0338721
0.0167029
0.0426789
0.0222345
0.0611444
0.0511449
0.0177896
0.0265637
0.0333653
0.0272709
0.0542945
0.0782499
0.0477434
0.0447569
0.0605452
0.0336291
0.0514402
0.044769
0.00986329
0.0320392
0.0246217
0.0442446
0.0355213
0.0392682
0.0562349
0.0254927
0.0426512
0.0528447
0.0196425
0.00512787
0.0321895
0.0393958
0.0475592
0.0455722
0.0340141
0.016221
0.0573374
0.0187496
0.0389908
0.0394968
0.0430073
0.0212002
0.0227179
0.0468297
0.031648
0.0263197
0.0304284
0.0385674
0.120487
0.0548542
0.0476577
0.0199899
0.0328481
0.0328278
0.0629699
0.0343346
0.0526052
0.0184086
0.0172241
0.0416647
0.0393842
0.0328472
0.0319196
0.0524584
0.0454134
0.055906
0.0534387
0.107039
0.0330641
0.0329643
0.0366282
0.0592377
0.0732817
0.0591109
0.0463373
0.0388644
0.0263566
0.109989
0.0156421
0.0292815
0.0239217
0.0771812
0.042284
0.0277151
0.0391945
0.0216843
0.0254229
0.0316832
0.0571387
0.0442615
0.0458058
0.0730743
0.0351018
0.0505191
0.0640448
0.0352046
0.0110067
0.0381381
0.0411993
0.0364198
0.0348505
0.0305314
0.0203299
0.0163396
0.0229407
0.026052
0.0353126
0.0338162
0.0243857
0.0317273
0.0217666
0.0355699
0.078208
0.0365016
0.0335502
0.027865
0.0153029
0.0244597
0.0416991
0.0433178
0.0219638
0.0200065
0.0402659
0.0311002
0.0223245
0.065477
0.0621062
0.0278244
0.0443014
0.019609
0.069678
0.0279588
0.0199577
0.0142442
0.0256457
0.0452271
0.0501415
0.0555729
0.0378196
0.0119117
0.0259231
0.028624
0.0414812
0.0311474
0.0265718
0.0215776
0.0321084
0.0352195
0.0424266
0.0341532
0.0418363
0.0339501
0.0110139
0.0334387
0.023428
0.0482063
0.0166555
0.037736
0.0454923
0.0234156
0.0353728
0.0650318
0.0483054
0.0257766
0.0105707
0.0254337
0.0431025
0.0410129
0.0613408
0.0685341
0.0193816
0.00391012
0.0196737
0.0299939
0.031987
0.0284292
0.0295567
0.0796145
0.0329171
0.0279779
0.0183621
0.0516421
0.0190387
0.0713794
0.0397462
0.0276674
0.0279954
0.0163017
0.0941643
0.0179601
0.065543
0.0154188
0.0488286
0.0292805
0.0428075
0.0432222
0.0132883
0.0336991
0.0419417
0.0106951
0.0656788
0.0256394
0.0143503
0.0317963
0.0394733
0.025313
0.0525736
0.0381213
0.0396414
0.0567694
0.0508441
0.0568539
0.033142
0.0564712
0.0908791
0.0216588
0.042737
0.0356285
0.125503
0.0559547
0.0199389
0.0583168
0.027598
0.0295918
0.0579607
0.0467965
0.00117045
0.0451849
0.0481081
0.0556845
0.0501376
0.0166744
0.0307421
0.0122713
0.0411417
0.0173213
0.054663
0.027417
0.0348261
0.0131441
0.0472923
0.00300465
0.0520752
0.0186493
0.0246954
0.0538963
0.0770707
0.0544167
0.0767791
0.015483
0.0114763
0.0450661
0.0396532
0.0288743
0.0290978
0.0217424
0.0239113
0.0333583
0.033716
0.0119147
0.0607799
0.0349465
0.0741132
0.0164414
0.0150391
0.0602996
0.0224186
0.0663476
0.0207826
0.0231058
0.0340898
0.0250926
0.0223367
0.0587271
0.0231016
0.0394934
0.0312511
0.0214715
0.0402264
0.0236249
0.0726476
0.0283386
0.0319469
0.0356769
0.0755216
0.0127777
0.0217141
0.0590652
0.0101688
0.0367875
0.0504774
0.0425003
0.0525146
0.0274266
0.0323602
0.0509208
0.0415805
0.0446827
0.0180571
0.0386271
0.0108546
0.0347392
0.0511189
0.00229265
0.0650637
0.00616681
0.0657951
0.0315952
0.0374229
0.0193675
0.0371745
0.0255673
0.0491125
0.0296598
0.0269922
0.0342653
0.0379199
0.0602558
0.0773252
0.0356009
0.00715524
0.0562523
0.0733769
0.0253317
0.0636223
0.0181395
0.0315133
0.0260276
0.0113053
0.0361137
0.0640429
0.0610202
0.0222374
0.0237784
0.0342367
0.0120694
0.0453845
0.050459
0.0343315
0.0341548
0.00519094
0.0460021
0.00309144
0.00968892
0.0416944
0.026765
0.025875
0.0406311
0.0484583
0.0240385
0.0151794
0.0416497
0.0146558
0.0290873
0.0717614
0.0306076
0.0160342
0.0345032
0.0306093
0.0268574
0.022164
0.0260697
0.0324492
0.00716838
0.0453991
0.0318215
0.0433384
0.0473878
0.0435008
0.0241929
0.011231
0.052284
0.0237303
0.0196711
0.0240062
0.0623951
0.0177838
0.0244799
0.0282816
0.0554779
0.0892754
0.0111567
0.0233925
0.00911332
0.0600752
0.0626812
0.0297941
0.0234241
0.0068606
0.0529898
0.0374904
0.080951
0.0105591
0.0337961
0.0372054
0.0305141
0.0114313
0.0255499
0.0191788
0.0419276
0.0550546
0.0404815
0.0422193
0.0117385
0.00118753
0.0186531
0.114264
0.0324294
0.00659794
0.0899342
0.0475019
0.0216774
0.0634423
0.00582791
0.0227032
0.0101528
0.0779428
0.0231903
0.0405394
0.0358079
0.0466125
0.018305
0.0139051
0.0121332
0.0397252
0.00888689
0.0482701
0.0313522
0.01099
