0 0 0
7 26 43
11 23 67
9 18 48
8 20 38
6 19 48
5 12 35
7 11 27
15 22 51
23 19 51
13 28 61
6 23 51
5 11 27
20 22 61
6 10 26
13 17 53
6 21 28
4 1 13
7 10 18
4 8 21
7 14 34
10 23 45
7 10 18
4 9 15
7 13 31
10 16 44
8 13 19
8 14 35
8 17 48
9 12 61
5 8 19
7 3 30
6 11 13
7 10 16
12 21 50
6 4 22
20 29 62
13 32 65
8 16 51
6 10 19
9 24 69
0 1 16
4 9 24
5 8 7
4 12 20
4 4 11
5 24 30
11 12 23
10 15 33
13 24 50
11 11 27
3 10 16
4 6 7
5 12 9
7 4 9
8 17 39
6 9 6
6 14 30
4 6 12
13 17 33
6 9 25
14 19 44
12 6 18
7 10 26
3 1 6
6 12 18
6 10 30
13 11 15
12 13 17
10 38 99
7 10 27
8 11 24
9 12 20
1 3 10
5 9 29
3 13 31
6 15 30
9 15 20
1 9 21
5 10 23
3 1 11
3 4 15
5 13 26
2 6 22
16 24 48
4 5 24
7 9 18
5 5 29
8 20 37
5 15 21
25 43 65
8 17 30
8 25 57
9 17 31
4 9 24
8 17 35
6 9 14
13 28 51
18 30 46
10 31 43
6 6 17
7 11 18
26 57 113
9 12 27
11 19 48
7 16 46
3 9 15
10 24 65
9 29 60
14 26 66
9 3 8
2 20 31
1 12 25
16 32 79
12 35 57
31 53 87
8 16 33
20 44 77
14 20 48
26 37 68
8 30 27
19 21 43
5 9 23
8 36 90
11 18 47
7 12 19
9 11 35
13 10 23
7 13 28
11 24 33
10 15 47
15 24 47
6 14 25
11 13 34
7 13 23
10 14 18
8 14 30
5 14 37
3 4 17
4 6 12
3 6 25
16 21 35
10 36 61
9 20 37
7 8 19
7 20 28
10 34 84
7 32 50
4 9 32
5 24 47
3 4 12
5 7 26
1 5 16
9 20 33
12 23 34
3 1 9
4 4 16
6 16 29
12 21 78
1 13 40
6 14 39
9 14 32
3 18 30
3 13 35
5 4 16
13 22 34
4 8 14
2 6 8
6 5 2
4 9 23
3 13 30
4 9 46
2 8 21
8 12 24
3 14 21
5 6 24
3 7 5
5 6 20
9 3 11
1 5 9
3 7 13
3 6 13
4 5 15
11 29 48
8 11 33
4 9 25
2 7 17
2 7 17
4 5 12
5 10 24
6 7 18
11 15 32
9 18 45
3 18 54
7 19 23
1 5 20
7 15 24
5 17 31
5 14 37
5 12 17
4 7 20
5 24 28
1 6 20
11 23 57
8 16 45
8 15 41
9 27 71
7 15 33
7 11 21
6 15 12
2 3 10
0 8 10
9 9 19
10 28 60
13 28 53
12 16 15
4 12 24
12 20 32
1 2 6
5 5 18
12 25 30
7 15 44
8 18 41
13 10 36
4 5 13
10 13 41
17 16 50
4 14 14
16 37 67
10 21 23
4 8 17
1 5 13
8 7 14
8 25 31
8 23 34
7 11 15
13 22 68
4 20 19
3 5 9
17 36 108
3 7 19
4 6 10
2 4 19
9 8 29
31 46 74
6 11 21
6 18 21
5 4 22
4 3 15
13 24 48
7 7 27
12 30 95
4 5 12
15 28 28
10 13 37
2 3 10
6 16 29
11 20 59
6 5 15
7 16 46
8 14 28
3 9 25
4 12 21
6 14 45
4 10 20
5 18 11
10 11 26
1 1 13
3 7 20
1 6 11
1 15 25
10 11 29
2 5 19
8 24 33
10 21 39
7 12 20
6 16 30
2 8 23
7 6 12
3 7 13
4 9 31
16 13 18
6 13 17
3 12 16
4 7 23
8 27 51
9 18 37
14 25 47
10 12 31
7 21 36
11 15 26
15 16 21
6 11 31
8 11 24
12 19 38
5 7 10
9 12 26
14 20 53
15 24 45
15 21 49
7 16 38
11 14 29
2 5 11
8 14 19
8 6 7
2 3 12
7 7 20
6 3 4
3 7 14
5 14 20
12 13 24
5 7 11
6 16 26
9 29 48
7 7 18
8 9 13
2 3 9
3 10 12
11 23 55
15 12 31
5 6 19
1 7 11
6 4 11
6 14 20
9 17 18
12 7 36
7 14 47
7 19 30
5 4 21
4 1 1
0 6 11
5 9 9
8 6 21
7 9 13
6 12 21
6 5 8
5 8 20
6 7 14
7 11 23
7 11 24
13 8 11
1 6 12
10 15 24
8 9 18
11 22 24
10 9 36
4 13 46
8 19 23
11 16 12
7 7 17
8 16 38
9 19 24
6 9 23
9 7 15
13 12 33
11 9 13
4 14 21
5 9 20
9 16 20
6 20 27
4 6 6
5 5 16
4 8 9
8 12 19
6 11 15
7 16 34
6 8 28
7 7 10
9 7 15
10 15 28
5 7 23
4 9 15
6 9 20
4 14 27
9 9 19
7 10 13
12 16 24
4 8 16
9 9 21
3 10 20
8 6 10
4 12 36
7 22 50
7 7 17
11 19 39
4 8 17
5 3 17
4 9 23
2 6 38
3 15 29
5 16 39
2 7 14
8 11 19
7 6 18
1 4 7
9 14 20
3 8 16
0 1 3
4 7 12
6 9 13
5 10 18
2 12 24
5 6 14
4 7 11
6 12 17
3 20 32
7 14 51
9 11 28
5 6 27
10 11 22
14 19 49
2 2 8
9 14 22
11 33 45
2 1 16
2 7 6
3 13 25
6 10 20
12 13 18
6 9 14
11 21 44
6 3 8
6 6 12
8 7 23
8 12 24
12 13 37
17 26 67
4 7 13
2 5 11
19 15 31
12 16 39
6 2 19
6 6 28
5 13 23
4 1 19
10 29 109
9 19 36
13 22 37
4 7 3
7 8 23
7 25 50
4 9 13
7 8 14
4 15 47
2 6 16
6 10 14
5 13 22
18 29 46
2 4 10
5 6 11
4 8 20
6 7 16
13 19 40
6 19 29
12 23 40
5 18 43
4 7 20
9 11 13
6 9 15
12 33 58
5 11 26
9 18 43
2 19 38
8 11 28
7 24 56
2 6 14
7 10 33
9 5 20
7 7 19
13 19 30
11 5 7
7 8 10
7 19 28
12 18 79
4 13 22
6 12 26
4 8 23
11 18 23
9 18 26
11 16 30
14 16 40
10 15 41
6 11 32
16 17 43
3 6 5
5 8 31
6 13 36
4 25 34
3 8 12
4 26 62
9 15 28
5 9 11
4 5 4
3 8 30
4 6 3
3 2 6
7 12 32
8 22 57
12 31 38
6 23 60
5 13 37
4 15 35
6 9 26
10 19 39
15 12 37
12 12 29
2 4 9
7 16 25
10 11 25
7 17 37
4 13 19
3 3 10
8 7 12
3 8 11
12 16 45
9 12 17
2 9 26
3 10 18
6 2 13
1 3 7
4 9 20
4 10 23
3 5 10
2 7 3
7 11 30
8 10 22
7 6 18
3 16 17
2 9 10
11 10 16
11 22 47
13 14 35
9 28 63
3 10 15
8 20 26
13 32 48
5 3 6
6 12 22
2 5 10
3 4 11
7 14 30
2 9 14
4 4 22
1 8 8
8 14 24
9 15 38
4 3 18
5 8 22
1 12 18
4 3 16
3 3 11
7 13 25
8 14 13
6 8 25
4 4 19
4 13 35
7 30 49
1 4 14
2 10 17
27 50 152
2 3 23
8 11 33
5 12 20
11 15 45
2 8 9
30 64 178
8 16 36
3 7 8
5 9 21
7 14 30
16 15 30
14 17 39
21 33 102
4 15 26
17 22 44
11 7 25
10 13 36
9 7 22
8 10 19
6 7 10
8 3 8
6 11 21
5 4 10
9 13 27
10 39 73
8 11 35
7 5 28
6 10 28
6 8 12
5 7 15
3 9 8
4 6 19
8 11 29
2 10 4
14 14 32
10 25 27
3 6 9
13 15 31
4 11 18
9 13 14
11 17 23
4 7 8
1 6 15
5 11 36
9 21 29
6 7 15
4 7 15
12 13 27
8 13 28
8 12 25
5 18 48
17 14 48
6 4 8
4 1 5
18 24 47
11 22 48
6 10 28
4 6 10
7 12 23
10 8 26
9 14 36
6 22 31
12 38 68
9 8 24
4 17 14
10 8 24
2 3 12
13 8 20
7 13 24
7 14 17
7 4 13
2 14 28
14 18 51
12 12 40
2 10 30
10 16 51
7 6 36
7 4 15
3 8 22
4 3 13
8 11 25
6 8 20
8 9 23
3 7 19
3 4 6
8 4 18
7 13 27
6 9 12
9 12 13
7 23 47
6 9 23
2 8 16
1 9 28
4 4 15
5 10 24
12 16 31
11 15 40
3 10 12
6 13 11
6 11 22
8 8 21
6 14 15
4 3 12
4 19 33
4 13 23
6 9 20
8 7 21
3 6 12
1 11 18
7 12 26
8 14 24
6 4 12
16 37 81
7 12 51
5 10 55
6 15 22
9 21 44
3 3 11
3 4 9
6 13 26
9 12 24
7 11 33
7 13 21
6 13 27
3 6 22
4 5 18
6 11 36
9 16 39
10 12 23
4 9 19
6 6 16
7 11 26
7 9 39
1 5 13
3 4 19
8 13 20
5 14 17
7 16 25
11 26 54
12 21 48
2 13 21
10 8 28
7 9 24
7 10 14
2 1 6
3 21 44
1 6 9
9 13 25
13 24 42
5 9 27
7 15 24
6 4 15
6 13 21
4 12 11
5 10 25
7 5 10
2 10 13
3 3 12
6 20 30
6 11 26
9 11 11
5 12 23
6 14 40
11 22 33
5 8 13
2 6 8
6 9 12
7 8 11
17 27 56
7 13 26
19 33 71
5 4 14
1 3 4
2 19 27
2 12 26
7 11 26
5 2 17
4 17 31
2 1 7
4 14 35
2 11 20
5 11 27
3 17 30
9 14 25
9 16 51
6 4 27
4 8 10
3 13 16
2 7 21
7 8 18
12 3 25
10 13 29
4 5 15
13 13 20
6 5 21
2 4 10
2 8 21
0 3 5
8 8 23
5 5 16
3 7 18
20 34 93
7 15 26
6 9 21
4 5 9
6 8 8
4 10 21
3 7 24
5 15 39
5 8 29
10 22 42
5 15 35
2 8 13
6 10 11
3 3 5
5 10 23
7 10 31
4 15 18
3 16 35
19 25 30
7 12 20
7 6 12
12 16 39
4 8 15
2 4 8
5 4 14
4 8 23
1 3 12
2 5 12
27 44 53
5 13 8
1 2 6
3 10 14
4 3 13
4 7 14
3 10 33
12 25 25
8 20 45
5 9 17
1 10 13
2 9 6
1 11 21
0 1 7
2 6 9
6 17 28
6 12 25
8 23 38
5 4 18
6 4 12
2 3 11
4 17 41
2 4 11
4 10 15
2 8 38
4 11 17
6 9 8
5 10 19
8 5 17
4 7 11
8 10 17
4 14 35
6 11 15
2 12 19
3 4 11
1 7 23
5 6 10
3 6 8
3 8 12
3 9 22
0 3 5
10 11 28
7 18 23
3 12 28
3 6 4
9 14 19
4 4 7
1 2 5
13 13 22
6 10 19
6 10 17
5 5 7
0 2 6
10 10 20
7 6 10
4 16 29
18 29 43
2 3 12
3 5 27
6 20 30
5 4 7
2 7 10
4 9 23
8 10 38
5 14 25
6 6 10
10 13 52
3 9 16
4 5 10
3 12 30
9 12 37
7 11 24
2 5 8
1 3 19
5 17 31
2 1 6
8 9 22
4 5 8
2 4 18
5 10 17
4 14 19
6 4 12
3 13 42
7 11 25
2 11 19
6 14 22
4 17 12
2 4 11
4 4 16
6 17 41
2 10 22
4 7 13
2 2 6
9 23 43
6 6 11
9 18 26
4 10 22
1 6 10
2 6 24
9 8 24
7 10 10
7 13 35
3 12 21
4 6 19
3 6 23
6 15 17
6 24 54
2 4 7
4 0 4
6 16 26
8 44 77
11 15 45
0 7 13
6 12 27
3 6 12
2 5 8
3 3 17
7 10 18
8 4 23
6 3 7
5 5 13
1 7 21
6 6 8
1 5 19
4 2 6
2 8 13
5 3 14
1 2 5
3 20 18
5 5 14
7 10 15
5 4 11
2 8 18
4 23 27
1 8 22
0 2 8
8 8 10
6 5 23
13 12 27
4 8 16
5 9 16
6 16 29
5 8 17
4 5 20
5 10 24
1 3 9
4 8 12
5 6 11
4 3 8
0 1 7
1 7 7
3 10 18
3 9 19
2 8 17
4 11 10
2 10 6
6 3 23
1 6 8
5 13 21
2 9 28
4 8 4
2 8 6
4 7 24
4 12 44
2 3 8
3 7 25
3 8 21
4 9 17
4 5 16
3 7 19
9 7 28
4 12 32
4 5 10
5 3 9
5 6 21
4 11 25
0 2 10
8 15 37
5 12 18
0 1 12
4 0 8
0 3 4
10 37 63
3 2 6
6 16 50
3 5 8
4 7 7
3 5 8
5 6 26
2 6 16
2 7 14
4 11 16
8 35 71
2 2 11
0 6 11
1 3 7
0 17 29
2 6 17
10 20 29
4 23 36
1 3 9
