3 1 3.0
241 38 6.34210526316
280 41 6.82926829268
280 42 6.66666666667
213 30 7.1
215 34 6.32352941176
173 23 7.52173913043
169 26 6.5
277 51 5.43137254902
300 52 5.76923076923
277 41 6.75609756098
245 34 7.20588235294
156 20 7.8
378 52 7.26923076923
133 21 6.33333333333
237 42 5.64285714286
196 35 5.6
61 11 5.54545454545
84 11 7.63636363636
105 15 7.0
152 19 8.0
237 39 6.07692307692
121 23 5.26086956522
73 13 5.61538461538
178 30 5.93333333333
177 25 7.08
106 14 7.57142857143
178 22 8.09090909091
220 27 8.14814814815
324 44 7.36363636364
102 13 7.84615384615
137 20 6.85
89 13 6.84615384615
94 13 7.23076923077
227 27 8.40740740741
108 22 4.90909090909
389 61 6.37704918033
336 37 9.08108108108
248 34 7.29411764706
111 13 8.53846153846
317 56 5.66071428571
59 10 5.9
115 19 6.05263157895
61 16 3.8125
116 22 5.27272727273
60 10 6.0
188 28 6.71428571429
145 18 8.05555555556
157 27 5.81481481481
272 45 6.04444444444
138 26 5.30769230769
99 17 5.82352941176
60 8 7.5
133 8 16.625
89 19 4.68421052632
224 32 7.0
72 11 6.54545454545
177 28 6.32142857143
102 24 4.25
224 40 5.6
144 23 6.26086956522
255 45 5.66666666667
110 20 5.5
154 25 6.16
36 6 6.0
107 18 5.94444444444
122 22 5.54545454545
129 30 4.3
144 25 5.76
500 85 5.88235294118
127 20 6.35
132 23 5.73913043478
111 20 5.55
34 6 5.66666666667
176 32 5.5
151 26 5.80769230769
161 26 6.19230769231
136 22 6.18181818182
133 29 4.58620689655
138 27 5.11111111111
55 14 3.92857142857
69 15 4.6
121 23 5.26086956522
86 12 7.16666666667
329 56 5.875
113 21 5.38095238095
101 11 9.18181818182
158 26 6.07692307692
219 39 5.61538461538
96 13 7.38461538462
507 72 7.04166666667
156 14 11.1428571429
364 60 6.06666666667
198 31 6.38709677419
116 21 5.52380952381
190 25 7.6
105 18 5.83333333333
264 41 6.43902439024
294 39 7.53846153846
260 39 6.66666666667
112 21 5.33333333333
116 21 5.52380952381
715 103 6.94174757282
219 34 6.44117647059
263 41 6.41463414634
232 29 8.0
89 12 7.41666666667
330 55 6.0
262 30 8.73333333333
337 65 5.18461538462
59 11 5.36363636364
165 25 6.6
111 15 7.4
433 63 6.87301587302
396 52 7.61538461538
529 86 6.1511627907
181 29 6.24137931034
483 73 6.61643835616
269 50 5.38
400 61 6.55737704918
186 30 6.2
243 45 5.4
155 29 5.34482758621
487 75 6.49333333333
303 45 6.73333333333
123 24 5.125
215 43 5.0
163 33 4.93939393939
171 25 6.84
231 30 7.7
246 36 6.83333333333
277 46 6.02173913043
173 25 6.92
186 35 5.31428571429
120 21 5.71428571429
130 19 6.84210526316
161 28 5.75
174 28 6.21428571429
58 9 6.44444444444
69 11 6.27272727273
125 19 6.57894736842
218 33 6.60606060606
331 47 7.04255319149
244 40 6.1
138 24 5.75
138 21 6.57142857143
473 74 6.39189189189
291 45 6.46666666667
141 31 4.54838709677
237 44 5.38636363636
94 10 9.4
137 24 5.70833333333
62 10 6.2
247 38 6.5
211 32 6.59375
30 5 6.0
76 12 6.33333333333
161 18 8.94444444444
380 67 5.67164179104
207 33 6.27272727273
154 20 7.7
189 27 7.0
146 22 6.63636363636
126 15 8.4
78 10 7.8
261 36 7.25
83 12 6.91666666667
60 10 6.0
50 8 6.25
149 32 4.65625
141 21 6.71428571429
173 29 5.96551724138
100 11 9.09090909091
151 21 7.19047619048
138 19 7.26315789474
113 16 7.0625
60 12 5.0
107 20 5.35
78 14 5.57142857143
57 10 5.7
75 14 5.35714285714
69 9 7.66666666667
84 9 9.33333333333
281 47 5.97872340426
179 29 6.1724137931
109 19 5.73684210526
81 15 5.4
72 15 4.8
83 14 5.92857142857
107 14 7.64285714286
80 13 6.15384615385
197 32 6.15625
232 46 5.04347826087
217 39 5.5641025641
117 18 6.5
106 20 5.3
149 27 5.51851851852
133 20 6.65
187 27 6.92592592593
105 14 7.5
95 11 8.63636363636
177 24 7.375
86 14 6.14285714286
354 43 8.23255813953
284 38 7.47368421053
223 29 7.68965517241
353 62 5.6935483871
133 18 7.38888888889
148 23 6.4347826087
99 16 6.1875
62 11 5.63636363636
65 8 8.125
122 20 6.1
305 41 7.43902439024
273 35 7.8
121 20 6.05
132 14 9.42857142857
217 45 4.82222222222
42 8 5.25
108 10 10.8
206 34 6.05882352941
189 28 6.75
192 24 8.0
179 32 5.59375
85 11 7.72727272727
227 42 5.40476190476
285 31 9.1935483871
133 24 5.54166666667
445 76 5.85526315789
167 31 5.38709677419
102 20 5.1
65 5 13.0
96 18 5.33333333333
221 33 6.69696969697
211 32 6.59375
92 15 6.13333333333
329 73 4.50684931507
130 23 5.65217391304
40 6 6.66666666667
571 108 5.28703703704
108 17 6.35294117647
53 12 4.41666666667
106 16 6.625
158 28 5.64285714286
469 80 5.8625
97 19 5.10526315789
139 25 5.56
101 18 5.61111111111
74 11 6.72727272727
295 44 6.70454545455
112 22 5.09090909091
378 64 5.90625
85 18 4.72222222222
249 37 6.72972972973
233 34 6.85294117647
63 9 7.0
139 25 5.56
348 50 6.96
96 9 10.6666666667
217 42 5.16666666667
206 33 6.24242424242
152 25 6.08
104 17 6.11764705882
191 43 4.44186046512
96 16 6.0
74 8 9.25
192 27 7.11111111111
60 8 7.5
100 12 8.33333333333
58 9 6.44444444444
98 13 7.53846153846
158 25 6.32
114 22 5.18181818182
196 27 7.25925925926
239 36 6.63888888889
113 18 6.27777777778
207 36 5.75
135 21 6.42857142857
101 22 4.59090909091
71 9 7.88888888889
178 19 9.36842105263
135 24 5.625
116 20 5.8
76 9 8.44444444444
113 20 5.65
232 32 7.25
188 20 9.4
219 31 7.06451612903
179 28 6.39285714286
158 32 4.9375
190 24 7.91666666667
140 27 5.18518518519
159 22 7.22727272727
121 23 5.26086956522
190 29 6.55172413793
99 17 5.82352941176
151 27 5.59259259259
251 41 6.12195121951
301 54 5.57407407407
305 43 7.09302325581
218 37 5.89189189189
171 29 5.89655172414
60 12 5.0
116 23 5.04347826087
72 15 4.8
56 11 5.09090909091
117 18 6.5
46 9 5.11111111111
71 15 4.73333333333
99 20 4.95
134 23 5.82608695652
65 9 7.22222222222
162 30 5.4
240 47 5.10638297872
119 18 6.61111111111
75 15 5.0
47 8 5.875
81 14 5.78571428571
282 39 7.23076923077
183 27 6.77777777778
96 17 5.64705882353
48 8 6.0
104 16 6.5
127 22 5.77272727273
124 20 6.2
191 34 5.61764705882
201 36 5.58333333333
163 27 6.03703703704
78 14 5.57142857143
31 6 5.16666666667
59 7 8.42857142857
79 12 6.58333333333
113 19 5.94736842105
91 18 5.05555555556
121 15 8.06666666667
64 8 8.0
99 21 4.71428571429
127 23 5.52173913043
143 22 6.5
109 19 5.73684210526
127 20 6.35
61 9 6.77777777778
156 22 7.09090909091
141 28 5.03571428571
145 24 6.04166666667
147 23 6.39130434783
218 31 7.03225806452
153 23 6.65217391304
118 21 5.61904761905
86 11 7.81818181818
214 32 6.6875
129 18 7.16666666667
98 16 6.125
134 18 7.44444444444
178 27 6.59259259259
116 15 7.73333333333
98 15 6.53333333333
101 15 6.73333333333
141 27 5.22222222222
166 26 6.38461538462
51 8 6.375
63 11 5.72727272727
68 10 6.8
124 23 5.39130434783
115 21 5.47619047619
173 30 5.76666666667
121 17 7.11764705882
116 26 4.46153846154
111 18 6.16666666667
147 23 6.39130434783
119 18 6.61111111111
109 20 5.45
94 14 6.71428571429
132 15 8.8
99 15 6.6
97 17 5.70588235294
166 25 6.64
98 14 7.0
135 17 7.94117647059
91 15 6.06666666667
68 14 4.85714285714
160 25 6.4
215 34 6.32352941176
104 16 6.5
201 26 7.73076923077
88 16 5.5
94 18 5.22222222222
93 15 6.2
152 19 8.0
171 20 8.55
138 19 7.26315789474
57 14 4.07142857143
87 18 4.83333333333
112 12 9.33333333333
77 17 4.52941176471
130 24 5.41666666667
116 21 5.52380952381
9 1 9.0
81 15 5.4
86 13 6.61538461538
85 11 7.72727272727
113 11 10.2727272727
87 14 6.21428571429
79 16 4.9375
116 14 8.28571428571
197 32 6.15625
248 30 8.26666666667
153 21 7.28571428571
131 27 4.85185185185
144 23 6.26086956522
230 30 7.66666666667
46 8 5.75
141 30 4.7
278 42 6.61904761905
103 16 6.4375
56 7 8.0
159 21 7.57142857143
107 20 5.35
130 22 5.90909090909
66 11 6.0
244 30 8.13333333333
53 8 6.625
56 12 4.66666666667
97 13 7.46153846154
169 34 4.97058823529
158 25 6.32
320 48 6.66666666667
61 9 6.77777777778
75 14 5.35714285714
197 31 6.35483870968
211 31 6.8064516129
87 15 5.8
138 22 6.27272727273
141 22 6.40909090909
68 12 5.66666666667
456 92 4.95652173913
221 43 5.13953488372
186 34 5.47058823529
35 6 5.83333333333
151 23 6.5652173913
260 44 5.90909090909
85 11 7.72727272727
101 17 5.94117647059
218 31 7.03225806452
87 15 5.8
89 14 6.35714285714
252 9 28.0
249 33 7.54545454545
65 12 5.41666666667
52 7 7.42857142857
103 21 4.90476190476
93 14 6.64285714286
236 31 7.61290322581
144 21 6.85714285714
281 37 7.59459459459
194 24 8.08333333333
105 18 5.83333333333
103 17 6.05882352941
82 16 5.125
325 47 6.91489361702
132 27 4.88888888889
246 42 5.85714285714
187 24 7.79166666667
124 12 10.3333333333
290 40 7.25
98 11 8.90909090909
180 29 6.20689655172
120 24 5.0
119 17 7.0
214 31 6.90322580645
71 12 5.91666666667
89 16 5.5625
162 25 6.48
422 67 6.29850746269
114 17 6.70588235294
145 24 6.04166666667
111 19 5.84210526316
177 26 6.80769230769
149 31 4.8064516129
212 40 5.3
215 40 5.375
172 26 6.61538461538
161 27 5.96296296296
180 20 9.0
38 6 6.33333333333
126 22 5.72727272727
182 33 5.51515151515
221 23 9.60869565217
70 12 5.83333333333
308 61 5.04918032787
176 41 4.29268292683
65 8 8.125
39 8 4.875
137 19 7.21052631579
40 5 8.0
45 7 6.42857142857
161 24 6.70833333333
318 42 7.57142857143
234 33 7.09090909091
234 38 6.15789473684
159 26 6.11538461538
163 28 5.82142857143
142 21 6.7619047619
259 40 6.475
188 34 5.52941176471
164 27 6.07407407407
56 9 6.22222222222
139 21 6.61904761905
119 19 6.26315789474
198 32 6.1875
106 19 5.57894736842
48 5 9.6
89 15 5.93333333333
57 9 6.33333333333
222 40 5.55
156 33 4.72727272727
116 19 6.10526315789
102 20 5.1
76 17 4.47058823529
27 3 9.0
126 20 6.3
98 14 7.0
56 9 6.22222222222
35 5 7.0
186 37 5.02702702703
147 29 5.06896551724
132 20 6.6
135 17 7.94117647059
71 15 4.73333333333
108 21 5.14285714286
296 35 8.45714285714
173 24 7.20833333333
361 50 7.22
93 17 5.47058823529
172 28 6.14285714286
272 41 6.63414634146
40 8 5.0
140 22 6.36363636364
45 7 6.42857142857
78 12 6.5
154 16 9.625
69 7 9.85714285714
92 14 6.57142857143
54 9 6.0
132 17 7.76470588235
184 32 5.75
79 14 5.64285714286
93 14 6.64285714286
154 22 7.0
78 10 7.8
49 14 3.5
131 24 5.45833333333
105 17 6.17647058824
125 25 5.0
84 17 4.94117647059
211 34 6.20588235294
292 46 6.34782608696
49 9 5.44444444444
85 11 7.72727272727
782 133 5.87969924812
113 20 5.65
167 30 5.56666666667
120 16 7.5
236 39 6.05128205128
60 15 4.0
900 133 6.76691729323
212 36 5.88888888889
66 10 6.6
109 15 7.26666666667
154 33 4.66666666667
202 38 5.31578947368
251 52 4.82692307692
516 92 5.60869565217
146 23 6.34782608696
288 45 6.4
136 23 5.91304347826
192 37 5.18918918919
126 25 5.04
122 19 6.42105263158
77 16 4.8125
72 19 3.78947368421
124 25 4.96
82 18 4.55555555556
114 17 6.70588235294
425 65 6.53846153846
181 29 6.24137931034
126 18 7.0
159 32 4.96875
86 15 5.73333333333
66 14 4.71428571429
47 8 5.875
115 21 5.47619047619
132 25 5.28
48 8 6.0
201 25 8.04
195 26 7.5
49 7 7.0
237 39 6.07692307692
127 20 6.35
113 17 6.64705882353
179 31 5.77419354839
49 11 4.45454545455
85 15 5.66666666667
156 23 6.78260869565
185 30 6.16666666667
101 17 5.94117647059
102 21 4.85714285714
225 54 4.16666666667
127 17 7.47058823529
198 27 7.33333333333
248 36 6.88888888889
246 41 6.0
52 10 5.2
47 11 4.27272727273
339 63 5.38095238095
246 33 7.45454545455
162 27 6.0
77 15 5.13333333333
114 13 8.76923076923
147 22 6.68181818182
144 24 6.0
209 33 6.33333333333
331 45 7.35555555556
134 30 4.46666666667
129 25 5.16
111 21 5.28571428571
53 13 4.07692307692
134 18 7.44444444444
117 24 4.875
122 17 7.17647058824
88 17 5.17647058824
149 22 6.77272727273
284 51 5.56862745098
200 31 6.45161290323
153 18 8.5
259 31 8.35483870968
157 21 7.47619047619
104 14 7.42857142857
97 18 5.38888888889
59 9 6.55555555556
157 24 6.54166666667
88 13 6.76923076923
116 23 5.04347826087
111 22 5.04545454545
43 8 5.375
104 22 4.72727272727
152 33 4.60606060606
103 17 6.05882352941
113 20 5.65
255 31 8.22580645161
103 17 6.05882352941
74 5 14.8
153 23 6.65217391304
94 20 4.7
111 17 6.52941176471
179 29 6.1724137931
209 28 7.46428571429
81 9 9.0
107 16 6.6875
117 24 4.875
98 12 8.16666666667
102 19 5.36842105263
64 11 5.81818181818
205 32 6.40625
115 14 8.21428571429
108 22 4.90909090909
118 17 6.94117647059
78 9 8.66666666667
75 9 8.33333333333
127 23 5.52173913043
160 25 6.4
55 8 6.875
333 28 11.8928571429
259 40 6.475
199 32 6.21875
131 21 6.2380952381
233 32 7.28125
59 13 4.53846153846
45 9 5.0
132 22 6.0
130 20 6.5
135 21 6.42857142857
90 14 6.42857142857
136 19 7.15789473684
119 18 6.61111111111
94 15 6.26666666667
165 23 7.17391304348
217 35 6.2
149 22 6.77272727273
95 12 7.91666666667
85 15 5.66666666667
157 24 6.54166666667
145 24 6.04166666667
66 14 4.71428571429
80 13 6.15384615385
102 20 5.1
117 23 5.08695652174
176 20 8.8
310 53 5.84905660377
281 45 6.24444444444
129 21 6.14285714286
169 29 5.8275862069
146 28 5.21428571429
101 20 5.05
42 6 7.0
203 27 7.51851851852
43 3 14.3333333333
175 31 5.64516129032
263 40 6.575
167 33 5.06060606061
150 19 7.89473684211
104 13 8.0
127 18 7.05555555556
91 17 5.35294117647
142 26 5.46153846154
89 17 5.23529411765
70 8 8.75
56 11 5.09090909091
183 23 7.95652173913
165 30 5.5
93 20 4.65
134 21 6.38095238095
182 28 6.5
191 31 6.16129032258
93 14 6.64285714286
43 8 5.375
102 11 9.27272727273
81 13 6.23076923077
339 42 8.07142857143
165 25 6.6
354 49 7.22448979592
67 12 5.58333333333
31 6 5.16666666667
145 17 8.52941176471
111 19 5.84210526316
135 16 8.4375
91 18 5.05555555556
162 24 6.75
40 10 4.0
148 16 9.25
110 13 8.46153846154
156 23 6.78260869565
140 25 5.6
166 26 6.38461538462
281 40 7.025
163 29 5.62068965517
92 13 7.07692307692
83 11 7.54545454545
73 8 9.125
117 17 6.88235294118
131 25 5.24
134 26 5.15384615385
73 12 6.08333333333
156 31 5.03225806452
111 12 9.25
67 11 6.09090909091
124 16 7.75
24 5 4.8
121 22 5.5
109 21 5.19047619048
79 13 6.07692307692
565 110 5.13636363636
178 36 4.94444444444
120 21 5.71428571429
88 18 4.88888888889
98 21 4.66666666667
121 13 9.30769230769
90 12 7.5
188 28 6.71428571429
135 22 6.13636363636
195 28 6.96428571429
166 21 7.90476190476
108 15 7.2
85 18 4.72222222222
32 5 6.4
105 23 4.5652173913
164 17 9.64705882353
137 20 6.85
155 26 5.96153846154
236 38 6.21052631579
133 22 6.04545454545
87 17 5.11764705882
182 26 7.0
86 18 4.77777777778
52 9 5.77777777778
97 13 7.46153846154
117 17 6.88235294118
51 7 7.28571428571
41 5 8.2
337 55 6.12727272727
62 7 8.85714285714
48 9 5.33333333333
85 17 5.0
73 14 5.21428571429
82 15 5.46666666667
143 27 5.2962962963
197 37 5.32432432432
231 37 6.24324324324
83 15 5.53333333333
68 11 6.18181818182
49 8 6.125
78 12 6.5
19 3 6.33333333333
44 8 5.5
148 22 6.72727272727
138 21 6.57142857143
178 20 8.9
79 13 6.07692307692
63 10 6.3
56 9 6.22222222222
161 22 7.31818181818
58 12 4.83333333333
102 16 6.375
138 19 7.26315789474
128 21 6.09523809524
68 7 9.71428571429
78 9 8.66666666667
101 21 4.80952380952
69 11 6.27272727273
106 19 5.57894736842
144 26 5.53846153846
79 14 5.64285714286
104 15 6.93333333333
77 19 4.05263157895
90 15 6.0
55 10 5.5
58 6 9.66666666667
59 9 6.55555555556
118 17 6.94117647059
31 5 6.2
165 23 7.17391304348
112 21 5.33333333333
141 22 6.40909090909
45 8 5.625
125 17 7.35294117647
40 2 20.0
26 7 3.71428571429
147 24 6.125
103 18 5.72222222222
115 9 12.7777777778
58 8 7.25
23 3 7.66666666667
133 24 5.54166666667
71 15 4.73333333333
137 19 7.21052631579
285 47 6.06382978723
49 10 4.9
105 20 5.25
235 29 8.10344827586
56 9 6.22222222222
60 12 5.0
135 18 7.5
193 31 6.22580645161
164 26 6.30769230769
68 13 5.23076923077
221 33 6.69696969697
105 20 5.25
67 11 6.09090909091
163 16 10.1875
190 28 6.78571428571
93 16 5.8125
41 4 10.25
60 12 5.0
136 19 7.15789473684
31 3 10.3333333333
110 23 4.78260869565
41 6 6.83333333333
73 14 5.21428571429
104 16 6.5
118 15 7.86666666667
69 9 7.66666666667
138 23 6.0
125 20 6.25
103 12 8.58333333333
155 29 5.34482758621
94 16 5.875
76 12 6.33333333333
121 22 5.5
239 38 6.28947368421
110 13 8.46153846154
71 12 5.91666666667
32 4 8.0
245 39 6.28205128205
71 13 5.46153846154
154 27 5.7037037037
109 13 8.38461538462
38 7 5.42857142857
91 15 6.06666666667
101 16 6.3125
79 14 5.64285714286
159 19 8.36842105263
112 16 7.0
96 12 8.0
86 14 6.14285714286
108 15 7.2
219 34 6.44117647059
59 10 5.9
32 5 6.4
119 16 7.4375
392 55 7.12727272727
233 38 6.13157894737
57 11 5.18181818182
135 16 8.4375
42 6 7.0
71 15 4.73333333333
97 15 6.46666666667
124 16 7.75
121 19 6.36842105263
47 7 6.71428571429
79 16 4.9375
59 6 9.83333333333
68 16 4.25
84 13 6.46153846154
46 11 4.18181818182
74 13 5.69230769231
64 11 5.81818181818
22 3 7.33333333333
129 19 6.78947368421
76 14 5.42857142857
94 13 7.23076923077
67 14 4.78571428571
119 20 5.95
133 23 5.78260869565
109 20 5.45
41 6 6.83333333333
79 13 6.07692307692
131 29 4.51724137931
143 18 7.94444444444
102 14 7.28571428571
92 15 6.13333333333
128 20 6.4
102 17 6.0
81 7 11.5714285714
111 20 5.55
40 9 4.44444444444
64 12 5.33333333333
64 10 6.4
54 8 6.75
39 7 5.57142857143
32 4 8.0
120 18 6.66666666667
107 17 6.29411764706
63 12 5.25
77 11 7.0
64 7 9.14285714286
117 22 5.31818181818
45 5 9.0
105 13 8.07692307692
106 16 6.625
31 6 5.16666666667
63 11 5.72727272727
109 11 9.90909090909
206 35 5.88571428571
35 5 7.0
130 20 6.5
100 17 5.88235294118
91 14 6.5
78 16 4.875
95 17 5.58823529412
107 10 10.7
159 27 5.88888888889
76 10 7.6
54 9 6.0
77 14 5.5
90 16 5.625
54 10 5.4
238 40 5.95
119 18 6.61111111111
54 8 6.75
29 3 9.66666666667
22 4 5.5
322 45 7.15555555556
46 10 4.6
230 31 7.41935483871
37 6 6.16666666667
41 7 5.85714285714
62 14 4.42857142857
115 17 6.76470588235
64 10 6.4
58 5 11.6
82 14 5.85714285714
419 59 7.10169491525
46 7 6.57142857143
85 17 5.0
41 8 5.125
139 21 6.61904761905
93 11 8.45454545455
191 31 6.16129032258
175 27 6.48148148148
48 8 6.0
