0	0	0.0	0.0	0.0	0.0
5.5	7.25	0.458333333333	0.604166666667	0.593658618699	0.965327736517
8.0	5.0	0.296296296296	0.185185185185	0.565345834166	0.474305499069
19.25	18.5	0.447674418605	0.43023255814	0.94554976554	1.01489714995
20.75	2.5	0.83	0.1	1.15481600266	0.346410161514
9.75	2.0	0.75	0.153846153846	1.34450448407	0.360801212294
10.5	1.0	0.477272727273	0.0454545454545	0.859139007793	0.208298895225
3.5	9.0	0.184210526316	0.473684210526	0.435603825191	0.938555500007
10.5	5.0	0.552631578947	0.263157894737	0.723564583414	0.546963412916
26.25	0.0	0.625	0.0	0.91001373616	0.0
13.75	10.0	0.392857142857	0.285714285714	0.795715568093	0.612788873986
11.5	4.0	0.383333333333	0.133333333333	0.527309733985	0.33993463424
16.0	14.5	0.4	0.3625	0.561248608016	0.524255424388
17.75	8.0	0.455128205128	0.205128205128	0.693078867732	0.462960771417
10.25	3.0	0.602941176471	0.176470588235	0.6589810736	0.512811640417
9.75	7.0	0.443181818182	0.318181818182	0.543200836487	0.554843437079
8.0	6.5	0.363636363636	0.295454545455	0.624896685676	0.577201140873
27.5	9.25	1.01851851852	0.342592592593	0.892162182996	0.65668974913
19.0	3.25	0.863636363636	0.147727272727	1.15730700513	0.374310661182
9.25	3.0	0.770833333333	0.25	1.09667268235	0.433012701892
6.0	2.75	0.352941176471	0.161764705882	0.588235294118	0.445080763248
5	5	0.625	0.625	0.695970545354	0.695970545354
22.0	17.3125	0.846153846154	0.665865384615	1.04254893603	1.41218749816
7.5	3.0	0.9375	0.375	0.807677998958	0.695970545354
7.75	2.0	0.861111111111	0.222222222222	0.678141978652	0.415739709642
5	0	0.555555555556	0.0	0.496903995	0.0
21.625	19.0	0.697580645161	0.612903225806	1.30282501422	0.981355854528
15.5	18.25	0.329787234043	0.38829787234	0.652544901403	0.805249582425
21.75	12.5	0.3625	0.208333333333	0.567202565227	0.400953724124
61.9375	35.25	0.645182291667	0.3671875	0.750623373298	0.686270799814
12.0	9.5	0.3	0.2375	0.556776436283	0.447038868556
13.5	5.0	0.409090909091	0.151515151515	0.964950504733	0.434930305891
16.625	21.0	0.573275862069	0.724137931034	0.755381013545	1.13400576913
35.75	21.5	0.425595238095	0.255952380952	0.646395410445	0.508815428805
25.0	19.3125	0.471698113208	0.364386792453	0.638136248092	0.717016043092
16.0	4.5	0.516129032258	0.145161290323	0.745782453013	0.340624388418
18.25	6.0	0.5703125	0.1875	0.994583720631	0.467707173347
11	6	0.578947368421	0.315789473684	0.674013077625	0.46482951928
9.5	4.0	0.678571428571	0.285714285714	0.974810290283	0.699854212224
11.0	3.0	0.578947368421	0.157894736842	0.65420015235	0.488085183973
14.0	5.0	0.666666666667	0.238095238095	0.863731292725	0.525969572247
14.5	10.0	0.725	0.5	0.766077672302	1.07238052948
14.5	12.0	1.31818181818	1.09090909091	1.08758964673	1.56405913946
24.75	10.75	0.707142857143	0.307142857143	1.05810766784	0.573478466048
6.0	3.5	0.375	0.21875	0.7806247498	0.466662016346
10.25	16.5	0.539473684211	0.868421052632	0.946820016711	1.41274374015
18.0	18.25	0.321428571429	0.325892857143	0.529728463364	0.626640067531
12.75	2.0	1.0625	0.166666666667	0.968917996186	0.37267799625
19.375	5.5	0.691964285714	0.196428571429	0.740627556398	0.60266203681
9.0	4.0	0.5625	0.25	0.949917759598	0.75
6.5	9.0	0.590909090909	0.818181818182	0.668042657123	1.58505416129
5.25	9.5	0.25	0.452380952381	0.449867705421	0.940551534053
8.5	5.5	0.447368421053	0.289473684211	0.646747669866	0.438771894751
17.0	7.0	0.809523809524	0.333333333333	1.58472012308	0.835710894037
31.25	7.0	0.744047619048	0.166666666667	0.783931057233	0.431865646362
36	5	2.76923076923	0.384615384615	3.88594798164	1.33234677505
5.75	0.0	0.638888888889	0.0	0.590563656263	0.0
9.75	1.0	0.573529411765	0.0588235294118	0.910577975318	0.235294117647
8	5	0.727272727273	0.454545454545	0.616575453011	0.9875254992
9.0	3.5	0.818181818182	0.318181818182	1.00617925551	0.683331653562
19.375	5.0	0.775	0.2	0.74161984871	0.632455532034
27.0	12.0	0.473684210526	0.210526315789	0.72801733057	0.48618970037
7	11	0.388888888889	0.611111111111	0.755637250485	0.95095793159
11.0	7.0	0.578947368421	0.368421052632	0.65420015235	0.581334790378
26.25	7.0	0.690789473684	0.184210526316	0.81602819088	0.68269061953
7.0	5.0	0.636363636364	0.454545454545	0.481045692921	0.89072354283
19.0	25.0	0.463414634146	0.609756097561	0.666170745549	1.09606944725
5.75	2.0	0.638888888889	0.222222222222	0.590563656263	0.415739709642
37.75	31.0	0.674107142857	0.553571428571	1.28079882549	1.11674979384
6.125	4.0	0.875	0.571428571429	0.863444100267	0.728431359085
19.0	9.5	0.863636363636	0.431818181818	1.68672502866	1.09019863229
52.25	19.0	0.614705882353	0.223529411765	1.22026572635	0.69559911694
15.5	7.0	0.911764705882	0.411764705882	1.68239407601	0.844276476142
18.5	13.5	0.660714285714	0.482142857143	0.802380069238	0.940005156304
20.375	15.71875	0.702586206897	0.542025862069	0.876177651536	0.974288113995
20.5	1.0	0.891304347826	0.0434782608696	1.09302652956	0.203931119992
21.0	4.0	0.913043478261	0.173913043478	0.90472400203	0.379034690743
10.0	4.25	0.416666666667	0.177083333333	0.640095478989	0.398428989561
10.5	17.1875	0.7	1.14583333333	0.725718035236	1.90663133709
24.5	10.5	1.44117647059	0.617647058824	1.53280167303	1.0782531047
9.25	1.0	0.578125	0.0625	0.671511529592	0.242061459138
7.5	2.0	0.441176470588	0.117647058824	0.72522517682	0.322189739709
12	7	0.5	0.291666666667	0.816496580928	0.538451999305
12.0	12.0	0.461538461538	0.461538461538	0.88712019959	1.54995705228
19.5	3.0	0.8125	0.125	1.49173067833	0.330718913883
19.5	1.0	0.8125	0.0416666666667	1.05881714663	0.199826313471
28.0	24.0	0.451612903226	0.387096774194	0.688088032507	0.656354514496
38.0	5.0	0.678571428571	0.0892857142857	0.802777385464	0.285155703976
24.5	1.0	1.75	0.0714285714286	2.18558589726	0.257539376819
21.25	8.0	0.416666666667	0.156862745098	0.703051239777	0.414092393764
17.5	6.0	1.16666666667	0.4	1.36218778278	0.879393730552
22.625	18.25	0.685606060606	0.55303030303	0.985751334413	1.12100735231
7.5	1.0	0.340909090909	0.0454545454545	0.508705211036	0.208298895225
11	3	0.611111111111	0.166666666667	0.678141978652	0.37267799625
21.3125	5.0	0.734913793103	0.172413793103	0.798647693993	0.377739694831
22.625	18.25	0.646428571429	0.521428571429	0.970311858137	1.09605042339
18.0	11.0	0.58064516129	0.354838709677	0.794098943554	0.598297967451
12.25	6.0	0.875	0.428571428571	0.771998797186	0.494871659305
20.5	16.75	0.585714285714	0.478571428571	0.865907569182	0.807048034885
9.0	4.75	0.5625	0.296875	0.933324032692	0.461136080105
17.5	5.75	0.972222222222	0.319444444444	1.61994703465	0.686201073724
24.5	7.0	1.0652173913	0.304347826087	1.0586532444	0.460130662794
23.0	10.5	0.884615384615	0.403846153846	1.76126971413	0.555033449602
37.75	9.5	0.712264150943	0.179245283019	0.768477155009	0.446097751605
11.0	2.25	0.846153846154	0.173076923077	0.769230769231	0.358745348196
10.5	11.0	0.42	0.44	0.594642749893	0.63749509802
37.0	13.0	1.1935483871	0.41935483871	1.57437862476	0.70820962581
9.5	11.0	0.395833333333	0.458333333333	0.594754267651	0.644151034739
16.5	4.0	0.916666666667	0.222222222222	1.15770366579	0.532870169257
16.25	3.25	0.77380952381	0.154761904762	1.03482446724	0.381695703378
19.0	3.0	1.26666666667	0.2	1.06249183003	0.4
10.5	8.5	0.403846153846	0.326923076923	0.9304592618	0.536052302491
12.75	5.0	0.980769230769	0.384615384615	0.799408065032	0.835598499323
4	3	0.266666666667	0.2	0.442216638714	0.4
10.5	10.0	0.42	0.4	0.594642749893	0.692820323028
12	4	0.8	0.266666666667	1.10754984839	0.442216638714
2	1	0.133333333333	0.0666666666667	0.49888765157	0.249443825785
17.25	10.5	0.638888888889	0.388888888889	0.806034340475	0.643102050155
7.0	2.0	0.636363636364	0.181818181818	1.14991914915	0.38569460792
16.25	3.75	1.08333333333	0.25	0.938379217351	0.508265022733
8.75	2.0	0.729166666667	0.166666666667	0.672823135915	0.37267799625
34.25	8.5	0.778409090909	0.193181818182	1.19684232876	0.46729284534
14.0	8.25	0.736842105263	0.434210526316	0.76723051248	0.90263541506
10.0	2.0	0.416666666667	0.0833333333333	0.602368012283	0.276385399196
7.5	5.25	0.340909090909	0.238636363636	0.59134599233	0.53553962127
4	6	0.333333333333	0.5	0.849836585599	1.11803398875
36.875	34.75	0.341435185185	0.321759259259	0.564581150437	0.605769832686
9.5	1.0	1.1875	0.125	1.27322179922	0.330718913883
7.5	4.0	0.441176470588	0.235294117647	0.539126552348	0.424182502996
26.0	11.5	0.371428571429	0.164285714286	0.695319629922	0.382393108981
4.0	5.5	0.307692307692	0.423076923077	0.461538461538	0.474185692536
8.0	5.5	0.571428571429	0.392857142857	0.703489842985	0.46974808707
17.25	1.0	2.15625	0.125	1.89957848943	0.330718913883
15.0	4.5	0.441176470588	0.132352941176	0.496527735769	0.327845541318
8.4375	6.75	0.401785714286	0.321428571429	0.61497054849	0.728431359085
12.5625	7.25	0.41875	0.241666666667	0.704736579037	0.557088163779
41.5625	16.0625	0.704449152542	0.272245762712	0.944208379287	0.529425795227
10.125	8.0	0.375	0.296296296296	0.741463767502	0.597204277652
17.25	12.0625	0.556451612903	0.389112903226	0.659024442188	0.671967065601
3	0	0.3	0.0	0.640312423743	0.0
8.0	1.5	0.8	0.15	0.979795897113	0.320156211872
4.5	1.0	0.45	0.1	0.788986691903	0.3
15.0	16.0	0.394736842105	0.421052631579	0.735901655479	0.782424670912
21.0	3.0	1.16666666667	0.166666666667	1.74005108482	0.37267799625
13	12	0.866666666667	0.8	1.49962958389	1.22202018532
32.125	14.25	0.629901960784	0.279411764706	0.965381409029	0.496672898098
31.5	7.0	0.732558139535	0.162790697674	1.32769619147	0.478866518185
21.75	15.5	0.345238095238	0.246031746032	0.514528161547	0.555442165299
17.5	7.0	0.795454545455	0.318181818182	1.01867885596	0.923745519677
3.5	1.25	0.583333333333	0.208333333333	0.931694990625	0.465847495312
8	0	1.14285714286	0.0	0.832993127835	0.0
16.0	16.0	0.470588235294	0.470588235294	0.541528018809	0.856988369667
16.0	10.46875	0.571428571429	0.373883928571	0.852666884737	0.934387771012
23.75	15.5	0.376984126984	0.246031746032	0.632883637141	0.555442165299
9.5	3.5	0.633333333333	0.233333333333	0.90308114561	0.749814791947
8.5	4.0	0.425	0.2	0.694172168846	0.4
5.0	3.25	0.416666666667	0.270833333333	0.493006648592	0.624652681274
39.75	19.5	0.503164556962	0.246835443038	0.731841001449	0.520913375786
14.5	5.0	0.966666666667	0.333333333333	0.939266853574	0.596284794
7	4	0.4375	0.25	0.496078370825	0.433012701892
19.0	8.0	0.452380952381	0.190476190476	0.754427596084	0.407553399253
7.5	1.0	1.07142857143	0.142857142857	0.677630927179	0.349927106112
17.5	10.0	0.603448275862	0.344827586207	0.769900467647	0.841831421775
17.75	13.5	0.493055555556	0.375	0.909987238752	0.670561539143
19.5	8.0	0.975	0.4	1.20908022893	0.663324958071
39.5	13.75	1.16176470588	0.404411764706	1.25276510776	0.844564597803
16.75	7.75	0.452702702703	0.209459459459	0.630952298915	0.498353754448
5.0	6.5	0.277777777778	0.361111111111	0.447903208239	0.778273651451
25.25	37.75	0.319620253165	0.477848101266	0.562454933301	0.992208469936
20.5	14.75	0.5	0.359756097561	0.724147943381	0.624814071095
4.0	0.75	0.666666666667	0.125	0.687184270936	0.279508497187
10.25	5.0	0.366071428571	0.178571428571	0.576636424731	0.467024886808
14.5	21.0	0.483333333333	0.7	0.712780159345	0.82259751195
2.25	3.0	0.118421052632	0.157894736842	0.347627495095	0.488085183973
6.0	5.75	0.375	0.359375	0.599478940414	0.54463828306
11.5	2.0	0.71875	0.125	1.06019971586	0.330718913883
12.0	6.75	0.413793103448	0.23275862069	0.707947074746	0.649704954532
25.5	1.5	0.772727272727	0.0454545454545	1.27974257053	0.257129738613
4.25	3.0	0.303571428571	0.214285714286	0.483463798953	0.55787497685
7.25	0.5	0.381578947368	0.0263157894737	0.598069377756	0.111648439135
4.5	8.0	0.264705882353	0.470588235294	0.488624933113	0.977249866226
6.5	17.5	0.224137931034	0.603448275862	0.637698000307	0.959339844362
58.25	19.0	0.685294117647	0.223529411765	1.2684827326	0.69559911694
6.5	3.5	0.5	0.269230769231	0.554700196225	0.504418348023
15.5	11.0	0.516666666667	0.366666666667	0.880183061767	0.718021974285
21.5	9.0	0.693548387097	0.290322580645	1.06768833312	0.727059849651
9.75	2.0	0.8125	0.166666666667	0.490800791225	0.37267799625
6	1	0.428571428571	0.0714285714286	0.622699849077	0.257539376819
9	0	0.9	0.0	1.37477270849	0.0
2	2	0.142857142857	0.142857142857	0.349927106112	0.515078753638
9.0	2.0	0.5	0.111111111111	0.687184270936	0.314269680527
16.5	15.25	0.6875	0.635416666667	1.05881714663	0.997338036837
22.5	16.75	0.5	0.372222222222	0.765578938524	0.82094495387
4.0	8.75	0.235294117647	0.514705882353	0.457539681944	1.04484233343
25.75	9.5	0.715277777778	0.263888888889	0.793096904935	0.617860456098
16.0	8.0	0.727272727273	0.363636363636	0.734340655518	0.481045692921
13.75	5.75	0.597826086957	0.25	0.739929235875	0.483420781694
28.5	1.0	1.425	0.05	1.58922150753	0.217944947177
9.25	6.25	0.385416666667	0.260416666667	0.790500786246	0.53754441031
17.5	6.5	0.625	0.232142857143	1.01440517405	0.472118002372
7.5	4.25	0.576923076923	0.326923076923	0.780683966546	0.630816133341
8.0	2.0	0.363636363636	0.0909090909091	0.582545709908	0.287479787288
8.25	7.0	0.458333333333	0.388888888889	0.613788327611	0.755637250485
5.0	4.25	0.227272727273	0.193181818182	0.419070202604	0.412391984355
14	0	0.823529411765	0.0	1.24783549621	0.0
6.0	2.5	0.545454545455	0.227272727273	0.619917349863	0.4937627496
6.25	10.1875	0.240384615385	0.391826923077	0.441156528729	0.721318090271
4.5	2.3125	0.5625	0.2890625	0.569402098697	0.422669968585
19.75	9.75	0.379807692308	0.1875	0.676690164257	0.499699428888
13.5	1.0	0.675	0.05	0.794905654779	0.217944947177
7.5	1.0	0.576923076923	0.0769230769231	0.549340648349	0.266469355011
17.0	1.0	1.21428571429	0.0714285714286	1.61150202467	0.257539376819
35.25	24.5	0.783333333333	0.544444444444	1.28192563487	1.08945563482
10.0	2.0	0.588235294118	0.117647058824	1.23948867681	0.322189739709
10.5	3.5	1.05	0.35	0.820060973343	0.45
16.375	6.5	0.909722222222	0.361111111111	0.985842099457	0.52189706189
3.0	7.5	0.2	0.5	0.4	0.605530070819
10.0	2.0	0.909090909091	0.181818181818	1.54946004991	0.38569460792
10.0	7.25	0.555555555556	0.402777777778	0.684934889219	0.507847369411
6	4	0.6	0.4	0.916515138991	0.489897948557
14.5	24.75	1.03571428571	1.76785714286	1.66061827679	2.09690308575
5.25	6.0	0.4375	0.5	0.662421378983	0.866025403784
8.75	2.0	1.25	0.285714285714	2.28738778023	0.451753951453
6.25	7.25	0.271739130435	0.315217391304	0.546297037962	0.542825695182
4.0	1.0	0.8	0.2	1.6	0.4
12.25	2.0	0.765625	0.125	0.982140320614	0.330718913883
23.0	10.25	1.04545454545	0.465909090909	1.85195898068	0.892823198883
14.75	4.25	1.05357142857	0.303571428571	0.97366470573	0.613672867051
7	1	0.4375	0.0625	0.609174646551	0.242061459138
10.5	7.5	0.65625	0.46875	0.605153647845	0.892131401476
3.0	1.5	0.3	0.15	0.6	0.45
8.0	6.0	0.533333333333	0.4	0.74087035903	0.8
2.0	5.0	0.285714285714	0.714285714286	0.451753951453	0.646813224153
19.0	5.75	0.413043478261	0.125	0.922569355388	0.332766728584
4.25	5.0	0.236111111111	0.277777777778	0.444661405377	0.558326423396
25.0	17.5	0.294117647059	0.205882352941	0.527447335799	0.492855530957
3.25	0.0	0.464285714286	0.0	0.541633960289	0.0
22.75	17.25	0.494565217391	0.375	0.745437445315	0.677170423607
15.25	1.25	0.693181818182	0.0568181818182	0.891665379366	0.18358516388
4.5	3.5	0.75	0.583333333333	0.559016994375	0.606675824107
5.0	4.25	0.5	0.425	0.5	0.689655711207
15.25	7.5	0.564814814815	0.277777777778	0.715543669865	0.532870169257
6.0	8.25	0.3	0.4125	0.556776436283	0.676733884182
19.0	19.0	0.513513513514	0.513513513514	0.609457961285	0.598268746518
14.0	7.0	0.48275862069	0.241379310345	0.895224481776	0.610549352056
9.5	2.0	0.633333333333	0.133333333333	0.663743591725	0.33993463424
7.0	9.0	0.5	0.642857142857	0.647798469543	0.811272620829
20.25	4.0	0.723214285714	0.142857142857	1.07391823835	0.580288457474
14.5	8.25	0.467741935484	0.266129032258	0.714881942328	0.453194236072
4.75	12.0	0.20652173913	0.521739130435	0.408151812076	0.729476597198
9	1	0.45	0.05	0.589491306128	0.217944947177
13.75	1.0	0.808823529412	0.0588235294118	0.842481505141	0.235294117647
14.75	4.5	0.776315789474	0.236842105263	0.756092520977	0.469277750003
4.0	6.0	0.363636363636	0.545454545455	0.642824346533	0.689352313096
7.75	2.25	1.9375	0.5625	1.32729753635	0.974278579257
4.125	2.0	0.6875	0.333333333333	0.894863816455	0.7453559925
32.125	41.0	0.377941176471	0.482352941176	0.711247989398	0.862442014499
23.0	11.75	0.657142857143	0.335714285714	0.900566714999	0.694218103704
12	4	0.923076923077	0.307692307692	1.20649131857	0.461538461538
28.5	9.25	0.98275862069	0.318965517241	0.918983308361	0.639559896241
6.25	12.5	0.271739130435	0.54347826087	0.459873821768	0.674263583447
17.375	8.0	0.496428571429	0.228571428571	0.709933167306	0.483186700723
46.25	44.6875	0.428240740741	0.413773148148	0.768333729457	0.662842634613
14.5	2.0	0.537037037037	0.0740740740741	0.741319218565	0.261891400439
32.0	7.5	0.477611940299	0.111940298507	0.653251544777	0.374772523268
18.875	19.0	0.385204081633	0.387755102041	0.65066524763	0.632982139562
6.25	4.0	0.367647058824	0.235294117647	0.978134655783	0.545506970323
10.75	4.25	0.5375	0.2125	0.667434453711	0.531948070774
6.0	3.0	0.428571428571	0.214285714286	0.593330275923	0.410325903324
8.0	5.25	0.444444444444	0.291666666667	0.568596930291	0.47324236215
21.75	18.5	0.388392857143	0.330357142857	0.59559327201	0.669999904813
19.625	11.5	0.284420289855	0.166666666667	0.601132708727	0.422781221618
21.0	26.25	0.388888888889	0.486111111111	0.580681804455	0.905764290871
6.0	5.0	0.3	0.25	0.6	0.536190264738
8.5625	9.875	0.85625	0.9875	0.850574254548	1.08462263023
16.5	11.0	0.55	0.366666666667	1.01939524556	0.752034278179
9.75	4.5	0.696428571429	0.321428571429	0.733013419706	0.521232839976
7.5	6.25	0.681818181818	0.568181818182	0.983332166036	0.67496556386
9.5	6.5	0.95	0.65	0.878919791562	0.895823643358
6.25	2.0	0.446428571429	0.142857142857	0.613672867051	0.349927106112
2.25	5.0	0.225	0.5	0.45345892868	0.67082039325
5	6	0.416666666667	0.5	0.640095478989	0.763762615826
17.5	20.0	0.416666666667	0.47619047619	0.644728317336	0.663256584628
14.0	12.0	0.451612903226	0.387096774194	1.03452372328	0.703787878364
22.75	8.0	1.26388888889	0.444444444444	1.55561755829	0.95581391856
5.25	8.5	0.403846153846	0.653846153846	0.514580313856	1.13314768174
33.25	27.0	0.4375	0.355263157895	0.672687314942	0.656775363512
6.25	5.0	0.390625	0.3125	0.618521106653	0.463512405443
10.75	5.0	0.767857142857	0.357142857143	0.847603163308	0.515078753638
17.5	9.5	0.625	0.339285714286	0.841183265237	0.627545835386
24.625	23.0	0.439732142857	0.410714285714	0.800387417154	0.876820264085
3.5	8.0	0.318181818182	0.727272727273	0.683331653562	0.71869946822
8.25	3.5	0.375	0.159090909091	0.722015801892	0.461872759839
9.5	3.0	0.558823529412	0.176470588235	0.638987087718	0.512811640417
11.0	3.0	0.611111111111	0.166666666667	0.657342198122	0.5
13.0	3.5	0.565217391304	0.152173913043	0.63080948385	0.343725832627
4.0	7.25	0.266666666667	0.483333333333	0.442216638714	0.818874566436
2.0	1.5	0.333333333333	0.25	0.471404520791	0.381881307913
13.0	1.0	0.928571428571	0.0714285714286	0.8630747124	0.257539376819
4.25	2.5	0.472222222222	0.277777777778	0.711458248604	0.532870169257
3.59375	10.25	0.598958333333	1.70833333333	1.33931154902	2.85925641072
33.75	5.5	1.40625	0.229166666667	2.374794399	0.455959763088
15.75	12.0	0.375	0.285714285714	0.746519702799	0.599035505972
7.5	8.5	0.357142857143	0.404761904762	0.509267848481	0.647689071845
8.3125	7.0	0.488970588235	0.411764705882	0.770621912151	0.599884648658
5.25	3.25	0.375	0.232142857143	0.506652177111	0.447854864428
9	8	0.692307692308	0.615384615385	1.43498139278	1.27330348902
7.25	4.0	0.659090909091	0.363636363636	0.659482642207	0.881396337712
4.25	13.0	0.472222222222	1.44444444444	0.974996043044	1.7069212773
5	0	0.357142857143	0.0	0.610285981808	0.0
4.5	4.25	0.409090909091	0.386363636364	0.763311619261	0.668815407707
6.75	5.0	0.675	0.5	0.55957573214	0.67082039325
7.0	9.0	0.333333333333	0.428571428571	0.471404520791	0.791107034564
4.5	6.25	0.375	0.520833333333	0.739509972887	0.806602528442
5.25	4.0	0.16935483871	0.129032258065	0.388271068297	0.335235640175
8.5	14.25	0.404761904762	0.678571428571	0.810923160282	0.948504013669
5.0	5.25	0.416666666667	0.4375	0.640095478989	0.521666001065
9.0	4.0	0.428571428571	0.190476190476	0.603279021872	0.392676726249
7.25	4.0	0.453125	0.25	0.517043503368	0.433012701892
8.5	5.0	0.386363636364	0.227272727273	0.601736467949	0.419070202604
10.25	3.0	0.931818181818	0.272727272727	0.954004175537	0.445361771415
12.5	11.5	0.480769230769	0.442307692308	0.657512346049	0.738070810092
15.5	1.0	1.9375	0.125	2.5023426524	0.330718913883
5.0	15.0	0.357142857143	1.07142857143	0.47915742375	1.08326792058
5.5	0.0	0.392857142857	0.0	0.652702388661	0.0
8.5	1.5	1.0625	0.1875	1.94353897568	0.347985272677
13.75	14.75	0.509259259259	0.546296296296	0.823501673865	0.75165569417
7.25	6.875	0.517857142857	0.491071428571	0.64409602846	0.714118283948
16.0625	6.75	0.892361111111	0.375	1.06999106701	0.737158583873
18.25	10.75	0.493243243243	0.290540540541	0.68892416738	0.54991864728
27.0	4.0	0.931034482759	0.137931034483	1.23507739483	0.570791219215
32.0	44.75	0.463768115942	0.648550724638	0.769993603304	0.952988092999
8.0	9.75	0.421052631579	0.513157894737	0.493727974718	0.699970319909
18.0	7.0	0.75	0.291666666667	0.829156197589	0.840593375076
11.0	11.5	0.578947368421	0.605263157895	0.990257248538	0.619400120839
6.0	9.25	0.545454545455	0.840909090909	0.655554777357	0.755831324923
12.4375	17.5	0.460648148148	0.648148148148	0.812793420691	1.03471963294
4.0	3.5	0.5	0.4375	0.5	0.582961190818
6.75	3.0	0.964285714286	0.428571428571	1.1033922647	0.562429133858
18.0	8.0	0.5625	0.25	0.788095013307	0.5
11.0	7.75	0.407407407407	0.287037037037	0.638821789284	0.454930314687
13.0	4.0	1.08333333333	0.333333333333	0.571304550033	0.849836585599
10.0	3.0	0.555555555556	0.166666666667	0.684934889219	0.5
12.75	10.5	0.277173913043	0.228260869565	0.603945948645	0.48573702112
23.0	13.0	0.359375	0.203125	0.762749702966	0.50558405273
12.5	14.0	0.357142857143	0.4	0.592469752952	0.652467842667
9.0	3.5	1.5	0.583333333333	2.14087209644	0.731247032283
7.5	7.0	0.357142857143	0.333333333333	0.515078753638	0.660687472643
7.0	3.0	0.875	0.375	0.739509972887	0.695970545354
5.0	9.75	0.2	0.39	0.4	0.872009174264
22.5	18.34375	0.5	0.407638888889	0.86922698736	0.753001965387
13.0	3.0	0.590909090909	0.136363636364	0.806738152241	0.456812528233
21.25	15.5	0.482954545455	0.352272727273	0.809035844653	0.719687001526
12.25	7.5	0.765625	0.46875	0.646316183748	0.926497942523
12.75	4.0	1.0625	0.333333333333	0.56018040249	0.849836585599
9.5	4.0	0.95	0.4	0.72284161474	0.663324958071
10.75	7.0	0.5375	0.35	0.593058808214	0.476969600708
29.75	10.25	0.85	0.292857142857	0.791021039995	0.604996205082
12.5	3.0	1.13636363636	0.272727272727	1.14991914915	0.445361771415
46.75	36.5	0.766393442623	0.598360655738	1.00803010752	1.14096476336
10.75	6.0	0.43	0.24	0.76	0.512249938995
10.25	5.25	0.341666666667	0.175	0.647055295593	0.393435721137
13.375	3.0	0.955357142857	0.214285714286	0.939708283545	0.410325903324
10.0	6.0	0.555555555556	0.333333333333	0.574671135155	0.816496580928
9.0	4.25	0.375	0.177083333333	0.633278506399	0.398428989561
10.0	7.0	0.555555555556	0.388888888889	0.895806416478	0.590563656263
16.25	8.75	0.541666666667	0.291666666667	0.821795121805	0.584819535317
10.0	4.0	0.769230769231	0.307692307692	0.953039361028	0.605692913386
20.0	4.0	0.833333333333	0.166666666667	0.71686043892	0.37267799625
9.5	4.0	0.527777777778	0.222222222222	0.785674201318	0.532870169257
20.75	3.0	1.38333333333	0.2	1.00774776386	0.541602560309
16.0	10.5	0.941176470588	0.617647058824	1.34909940484	1.85923301521
14.0	6.5	0.875	0.40625	0.85695682505	0.592102978797
24.6875	7.0	1.37152777778	0.388888888889	1.92124365446	0.825892708184
19.0	14.75	0.5	0.388157894737	0.821183356665	0.796161367084
7.0	1.5	1.0	0.214285714286	1.41421356237	0.524890659168
39.5	17.5	0.526666666667	0.233333333333	0.711305528979	0.722649446289
8	6	0.666666666667	0.5	0.7453559925	0.866025403784
14.5	16.5	0.725	0.825	1.18822346383	1.54333243341
14.0	6.0	0.933333333333	0.4	1.06249183003	0.8
7.0	2.25	0.583333333333	0.1875	0.731247032283	0.621867148192
3.25	5.0	0.25	0.384615384615	0.635488909302	0.486504255411
11.0	17.1875	0.733333333333	1.14583333333	0.749814791947	1.90663133709
9.5	1.5	0.24358974359	0.0384615384615	0.451092617584	0.174848483295
16.75	3.5	0.8375	0.175	1.01942079143	0.57608593109
12.75	0.0	0.796875	0.0	0.80267497119	0.0
12.0	10.5	0.260869565217	0.228260869565	0.587358960265	0.48573702112
3.25	2.5	0.295454545455	0.227272727273	0.646829521398	0.391014784866
16.4375	5.625	1.09583333333	0.375	1.25558474646	0.786606636128
7.0	3.0	0.35	0.15	0.55	0.476969600708
36.0	19.0	0.72	0.38	1.04837970221	1.21474277112
3.0	3.75	0.272727272727	0.340909090909	0.445361771415	0.525191818559
6.25	11.0	0.347222222222	0.611111111111	0.493983867883	0.755637250485
14.75	9.75	0.44696969697	0.295454545455	0.690184362056	0.667010930396
10.5	5.0	0.954545454545	0.454545454545	1.09657618926	0.497929597732
30.5	5.0	1.22	0.2	2.43343378788	0.4
24.0	13.0	0.375	0.203125	0.76546554462	0.50558405273
13.0	14.0	0.5	0.538461538462	0.919866211008	0.959998767258
12.0	8.5	0.521739130435	0.369565217391	0.758692537679	0.593760881902
12.0	18.0	0.260869565217	0.391304347826	0.605582099008	0.7934038083
22.5	5.5	0.535714285714	0.130952380952	0.840867304115	0.423414743899
7.0	4.5	0.7	0.45	0.92736184955	0.56789083458
37.375	11.0	0.830555555556	0.244444444444	1.24475442568	0.523048990931
10.0	8.5	0.625	0.53125	1.06800046816	0.81908390138
13.0	5.5	0.52	0.22	0.681615727518	0.376297754445
13.5	9.0	0.409090909091	0.272727272727	0.608706346261	0.57854191188
18.5	10.0	0.685185185185	0.37037037037	1.42008181916	0.823189287811
11.5	1.5	0.319444444444	0.0416666666667	0.636317288275	0.181620789314
25.0	11.0	0.675675675676	0.297297297297	1.11631764476	0.597963429455
7.5	10.0	0.576923076923	0.769230769231	0.957684584461	0.868583830049
10.5	0.5	0.875	0.0416666666667	0.915719207326	0.138192699598
8.25	0.5	0.6875	0.0416666666667	1.06617013183	0.138192699598
5	8	0.357142857143	0.571428571429	1.04246567995	1.59078981795
3.75	0.0	0.535714285714	0.0	0.870432686211	0.0
26.0625	10.25	0.965277777778	0.37962962963	1.21004827217	0.550127806575
7.0	1.5	0.333333333333	0.0714285714286	0.471404520791	0.233284737408
9.75	18.0	0.237804878049	0.439024390244	0.493714206829	1.12724097642
8	1	0.666666666667	0.0833333333333	0.849836585599	0.276385399196
2	3	0.4	0.6	0.489897948557	0.489897948557
4	4	0.363636363636	0.363636363636	0.481045692921	0.481045692921
4.5	3.0	0.5625	0.375	0.681794507165	0.484122918276
7.5	3.0	0.576923076923	0.230769230769	0.645879062452	0.421325044235
6.5	5.0	0.361111111111	0.277777777778	0.722756212848	0.532870169257
23.25	10.0	0.664285714286	0.285714285714	1.02633685841	0.882656010376
7.5	1.0	0.9375	0.125	0.982264602844	0.330718913883
4.25	9.0	0.193181818182	0.409090909091	0.412391984355	0.717260629003
11.75	8.5	0.435185185185	0.314814814815	0.533995216863	0.546845298527
13.75	3.5	0.404411764706	0.102941176471	0.57527073512	0.291532758847
14.25	9.5	0.527777777778	0.351851851852	0.694999777955	0.523782800879
5.5	13.0	0.289473684211	0.684210526316	0.591959046274	1.25876428875
11.0	2.0	0.647058823529	0.117647058824	0.903664205632	0.322189739709
15.5	16.0	0.645833333333	0.666666666667	1.04561750761	1.09607886983
16.0	16.0	0.470588235294	0.470588235294	0.541528018809	0.856988369667
8.0	3.0	0.470588235294	0.176470588235	0.674549702422	0.381220041083
32.0	14.6875	0.65306122449	0.299744897959	0.743708863604	0.652577746736
19.5	11.46875	0.672413793103	0.395474137931	0.993737824206	0.925216797392
15.0	8.0	1.875	1.0	2.08791163606	1.73205080757
2.0	8.5	0.142857142857	0.607142857143	0.349927106112	0.783275435695
6.5	4.0	0.8125	0.5	0.704339229349	0.707106781187
18.0	8.5	0.72	0.34	0.64930732323	0.54258639865
5.5	4.5	0.6875	0.5625	0.778118724874	0.582961190818
19.0	3.875	1.11764705882	0.227941176471	1.41711608313	0.522007039685
12.0	3.0	0.8	0.2	1.14090607267	0.4
15.5	16.75	0.62	0.67	0.962081077664	1.03130984675
23.125	6.5	0.700757575758	0.19696969697	0.826834160584	0.425323298413
7.0	14.0	0.318181818182	0.636363636364	0.465770489362	0.990658850805
52.5	47.5	0.546875	0.494791666667	1.20129731306	1.11218345606
9.5	3.0	0.730769230769	0.230769230769	1.15384615385	0.421325044235
11.25	5.0	1.40625	0.625	1.68141263154	0.85695682505
9.5	5.0	0.558823529412	0.294117647059	0.72522517682	0.455645099554
7.0	9.5	0.5	0.678571428571	0.731925054711	0.697115046284
28.3125	10.25	1.01116071429	0.366071428571	1.21192613116	0.544789207503
10.75	5.0	0.413461538462	0.192307692308	0.661228124883	0.461538461538
6.5	4.0	0.8125	0.5	0.704339229349	0.707106781187
9	3	1.5	0.5	1.38443731049	0.5
10.5	3.0	0.875	0.25	1.22261672926	0.433012701892
34.0	13.0	0.41975308642	0.16049382716	0.659483477846	0.36706342586
17.0	4.5	1.0	0.264705882353	1.0431851677	0.729980802705
12.375	4.0	0.495	0.16	0.667532770731	0.307245829915
12.375	4.0	0.538043478261	0.173913043478	0.67910865355	0.316526516925
8.5	10.5	0.257575757576	0.318181818182	0.523988377751	0.649220766231
34.0	12.25	0.607142857143	0.21875	0.827616444733	0.49790296853
18.0	6.75	0.45	0.16875	0.682825014187	0.35963305952
13.0	5.0	0.40625	0.15625	0.666585281491	0.440835499365
11.0	2.0	0.52380952381	0.0952380952381	0.743642746988	0.293543523951
18.0	9.0	0.5	0.25	0.71686043892	0.640095478989
9.75	5.0	0.513157894737	0.263157894737	0.718522260078	0.440347382386
4.0	5.5	0.363636363636	0.5	0.481045692921	0.564076074818
17.0	17.0	0.548387096774	0.548387096774	1.21386372401	1.38747181726
8.25	4.0	0.6875	0.333333333333	0.860747010838	0.849836585599
5.25	0.0	0.65625	0.0	0.759702861321	0.0
5	3	0.5	0.3	0.5	0.458257569496
19.0	4.0	0.655172413793	0.137931034483	1.09743783326	0.433441554827
7.25	2.0	0.659090909091	0.181818181818	0.693088667363	0.38569460792
5.25	4.0	0.583333333333	0.444444444444	0.707106781187	0.95581391856
1	1	0.0625	0.0625	0.242061459138	0.242061459138
12.5	7.875	1.04166666667	0.65625	2.20282331465	1.16717808731
4.5	4.0	0.346153846154	0.307692307692	0.532938710021	0.461538461538
6	1	0.545454545455	0.0909090909091	0.655554777357	0.287479787288
3.5	5.25	0.269230769231	0.403846153846	0.504418348023	0.514580313856
4.25	5.0	0.386363636364	0.454545454545	0.70197478234	0.655554777357
4	1	0.173913043478	0.0434782608696	0.379034690743	0.203931119992
12.5	7.75	0.78125	0.484375	0.660699203496	0.664200353339
6.0	2.5	0.461538461538	0.192307692308	0.603245659283	0.368910117178
2.25	7.5	0.160714285714	0.535714285714	0.396492916271	0.737134551448
12.0	2.0	2.0	0.333333333333	0.707106781187	0.471404520791
4.0	0.5	0.5	0.0625	0.5	0.165359456942
8	3	0.470588235294	0.176470588235	0.696009386247	0.381220041083
8.5	8.0	0.354166666667	0.333333333333	0.567875548768	1.21335164821
8.25	12.5	0.34375	0.520833333333	0.756267217435	0.796857979121
3.5	4.0	0.205882352941	0.235294117647	0.455645099554	0.545506970323
12.5	4.5	0.446428571429	0.160714285714	0.613672867051	0.463942180599
9.0	6.0	0.692307692308	0.461538461538	1.13575562002	0.745796901141
22.5	12.0	0.535714285714	0.285714285714	0.733085919921	0.51342520602
8.5	1.0	0.53125	0.0625	0.81908390138	0.242061459138
3.25	1.0	0.541666666667	0.166666666667	0.548039434915	0.37267799625
7.75	10.0	0.455882352941	0.588235294118	0.50172712086	0.599884648658
7.0625	1.0	0.70625	0.1	0.879475163094	0.3
8.0	6.0	0.363636363636	0.272727272727	0.567727090763	0.470185474218
16.75	14.25	0.761363636364	0.647727272727	0.909161929044	1.18862767249
5	4	0.384615384615	0.307692307692	0.486504255411	0.605692913386
23.5	7.0	0.979166666667	0.291666666667	1.77646164389	0.538451999305
6.0	4.5	0.857142857143	0.642857142857	0.832993127835	0.87481776528
13.75	8.5	0.361842105263	0.223684210526	0.558125883099	0.521856105659
9.0	9.5	0.36	0.38	0.557135531087	0.552810998443
13.0	14.5	0.40625	0.453125	0.491132301422	0.784213130708
13.25	11.75	0.53	0.47	0.64930732323	0.900888450364
23.75	12.0	0.659722222222	0.333333333333	0.810419939534	0.656167322834
14.3125	18.5	0.332848837209	0.43023255814	0.538948314117	0.859836351039
17.5625	11.0	0.487847222222	0.305555555556	0.761460391647	0.689985686021
10.0	2.0	0.833333333333	0.166666666667	0.679562767929	0.37267799625
5.0	5.0	0.416666666667	0.416666666667	0.493006648592	0.640095478989
8.5	6.0	0.607142857143	0.428571428571	0.540455212515	0.728431359085
9.5	13.25	0.339285714286	0.473214285714	0.567789753414	0.84075668967
7.0	5.25	0.466666666667	0.35	0.694422221867	0.805191488612
14.75	7.5	0.36875	0.1875	0.913419913019	0.470206071845
5	9	0.277777777778	0.5	0.558326423396	0.687184270936
12.0	8.5	0.631578947368	0.447368421053	0.852119729405	0.666782076806
33.0	11.5	0.846153846154	0.294871794872	1.41943400671	0.874994129782
25.125	22.25	0.41875	0.370833333333	0.743662459834	0.65588945122
9.0	6.5	0.428571428571	0.309523809524	0.557112331276	0.62633078276
11.25	4.25	0.661764705882	0.25	1.07423425693	0.453742606487
10.75	10.5	0.413461538462	0.403846153846	0.60024957827	0.588662610193
6.5	10.625	0.191176470588	0.3125	0.420341350822	0.520048428175
9.0	4.5	0.6	0.3	0.729154761808	0.571547606649
9.25	6.0	0.420454545455	0.272727272727	0.712654941831	0.445361771415
6.5	5.0	0.8125	0.625	1.45639752472	0.992156741649
13.5625	5.25	0.502314814815	0.194444444444	0.710470933387	0.410133973895
7.0	6.5	0.636363636364	0.590909090909	0.800309857348	0.701238573661
1.5	4.5	0.107142857143	0.321428571429	0.278937488425	0.643848442047
2.5	4.0	0.357142857143	0.571428571429	0.580288457474	0.562429133858
10.0	8.0	0.434782608696	0.347826086957	0.63080948385	0.615643576457
7.0	4.0	0.368421052632	0.210526315789	0.929659038561	0.69425820833
9.5	10.0	0.365384615385	0.384615384615	0.529108326623	0.68370726287
18.75	8.0	0.815217391304	0.347826086957	0.834765624827	0.63305303385
6.25	5.25	0.892857142857	0.75	0.595476142876	0.935414346693
7.0	11.5	0.388888888889	0.638888888889	0.630378095439	0.878849556642
5.25	11.5	0.21	0.46	0.422374241639	0.72
8.5	2.0	0.708333333333	0.166666666667	0.660124146573	0.37267799625
5.25	4.0	0.276315789474	0.210526315789	0.465201829728	0.521026049295
9.5	15.5	0.231707317073	0.378048780488	0.495067881224	1.05217827366
27.5	17.0	0.404411764706	0.25	0.576866235777	0.525105031511
10.25	8.0	0.854166666667	0.666666666667	1.07266380515	1.02740233383
9.5	6.0	1.9	1.2	1.28062484749	1.43527000944
7.5	8.0	0.833333333333	0.888888888889	0.816496580928	1.28620410031
19.25	9.25	0.916666666667	0.440476190476	1.43786658542	0.906014170973
10.75	2.0	0.632352941176	0.117647058824	0.962982679044	0.322189739709
4	1	0.190476190476	0.047619047619	0.499432784843	0.212958855
5.25	2.0	1.3125	0.5	1.08072602911	0.5
8.25	7.5	0.916666666667	0.833333333333	1.02740233383	0.881917103688
3	5	0.3	0.5	0.458257569496	0.921954445729
5.5	8.0	0.211538461538	0.307692307692	0.557692307692	0.605692913386
13.0	8.5	0.433333333333	0.283333333333	0.667499479817	0.601156293229
15.0	2.5	1.0	0.166666666667	1.33853153368	0.43461349368
10.5	2.0	0.954545454545	0.181818181818	0.9875254992	0.38569460792
10.5	1.0	1.5	0.142857142857	2.93987366104	0.349927106112
7.0	2.0	0.636363636364	0.181818181818	0.828221234468	0.38569460792
4.0	8.25	0.235294117647	0.485294117647	0.545506970323	0.621138590645
26.5	18.875	0.646341463415	0.460365853659	0.803907396977	0.823825394598
36.5	15.75	0.588709677419	0.254032258065	0.754150844565	0.622967559031
9.625	3.0	1.60416666667	0.5	1.15112414863	0.5
4	0	0.25	0.0	0.75	0.0
16.25	20.0	1.35416666667	1.66666666667	1.92694256243	3.51978534699
0	1	0.0	0.125	0.0	0.330718913883
4	6	0.5	0.75	0.5	0.661437827766
6	19	0.25	0.791666666667	0.520416499867	1.4427741411
15.5	18.75	0.378048780488	0.457317073171	0.549728179004	0.837210887529
1.0	5.75	0.0769230769231	0.442307692308	0.266469355011	0.636651744509
4	7	0.190476190476	0.333333333333	0.392676726249	0.471404520791
14.0	8.0	0.933333333333	0.533333333333	1.0506611675	0.884433277428
4.75	15.5	0.263888888889	0.861111111111	0.503268637	2.2595817924
8.75	7.5	0.514705882353	0.441176470588	0.655691082636	0.591169154184
9.25	10.75	0.513888888889	0.597222222222	0.679420822702	0.982976237734
5.0	5.5	0.277777777778	0.305555555556	0.447903208239	0.604126754748
6.0	5.0	0.206896551724	0.172413793103	0.48275862069	0.529734189508
5.0	12.0	0.142857142857	0.342857142857	0.423782770691	0.4894811914
7.25	6.0	0.517857142857	0.428571428571	1.05417658165	0.820651806648
9.0	7.25	0.36	0.29	0.74188947964	0.467332857822
2.25	12.5	0.160714285714	0.892857142857	0.396492916271	0.843643700787
1	5	0.125	0.625	0.330718913883	0.695970545354
6.0	17.5	0.117647058824	0.343137254902	0.322189739709	0.744194498602
5	8	0.416666666667	0.666666666667	0.493006648592	0.623609564462
1.0	6.0	0.125	0.75	0.330718913883	1.29903810568
14.0	11.0	0.5	0.392857142857	0.779193722474	0.617557730921
3.25	8.5	0.203125	0.53125	0.425906661576	0.81908390138
4.5	6.0	0.25	0.333333333333	0.478713553878	0.471404520791
10.25	11.0	0.427083333333	0.458333333333	0.565865702314	0.575844790045
9.0	7.5	0.529411764706	0.441176470588	0.826413018719	0.802245982176
7	8	0.304347826087	0.347826086957	0.460130662794	0.63305303385
5.0	9.5	0.142857142857	0.271428571429	0.349927106112	0.468170560234
6.5	3.5	0.464285714286	0.25	0.667197917581	0.490990253031
14.25	12.5	0.491379310345	0.431034482759	0.510589410171	0.715880672139
6.0	9.0	0.25	0.375	0.426956281915	0.563656219103
2.0	8.0	0.142857142857	0.571428571429	0.515078753638	0.903507902905
2.875	4.5	0.479166666667	0.75	1.07144923922	0.540061724867
4.0	15.5	0.235294117647	0.911764705882	0.729980802705	1.19108569008
2.25	5.25	0.225	0.525	0.45345892868	0.728440114217
3.0	7.25	0.0967741935484	0.233870967742	0.295650044836	0.503757989895
5.0	5.5	0.263157894737	0.289473684211	0.546963412916	0.467799706175
6	2	0.857142857143	0.285714285714	0.989743318611	0.451753951453
5.25	3.25	0.35	0.216666666667	0.784219357068	0.436526695124
2.25	4.5	0.225	0.45	0.45345892868	0.471699056603
4.0	10.5	0.25	0.65625	0.433012701892	0.804649574349
46.25	38.25	0.578125	0.478125	0.910523329945	0.803501857107
8.0	22.5	0.4	1.125	0.734846922835	1.2735285627
0	4	0.0	0.444444444444	0.0	0.684934889219
31.75	29.75	0.55701754386	0.521929824561	0.737494489809	0.691871194271
7.5	7.0	0.25	0.233333333333	0.508265022733	0.558768487141
7.0	5.0	0.318181818182	0.227272727273	0.613215343783	0.516264395073
5.5	5.25	0.785714285714	0.75	1.0642617447	0.896421457001
1.0	5.25	0.0625	0.328125	0.242061459138	0.489887981456
2.0	7.0	0.153846153846	0.538461538462	0.302846456693	0.634323942403
5.5	11.25	0.229166666667	0.46875	0.455959763088	0.638652960665
5.5	1.5	0.611111111111	0.166666666667	0.566557723733	0.333333333333
2.0	9.0	0.142857142857	0.642857142857	0.349927106112	0.894997434724
6.5	6.0	0.722222222222	0.666666666667	0.820267947791	0.816496580928
7.5	10.0	0.535714285714	0.714285714286	1.00825672954	1.0473484499
5.0	11.25	0.25	0.5625	0.887411967465	1.24968746093
6.0	0.5	0.666666666667	0.0555555555556	0.471404520791	0.157134840264
14.0	1.5	1.07692307692	0.115384615385	1.20649131857	0.287819798983
1	4	0.0909090909091	0.363636363636	0.287479787288	0.642824346533
5.5	3.0	0.6875	0.375	0.747391296444	0.484122918276
2	1	0.181818181818	0.0909090909091	0.38569460792	0.287479787288
13.75	8.125	0.3125	0.184659090909	0.746440416547	0.491756357965
5.0	12.5	0.3125	0.78125	0.768012857965	0.847215106983
6.0	7.0	0.272727272727	0.318181818182	0.445361771415	0.533970005658
6.25	8.5	0.446428571429	0.607142857143	0.519087209062	0.659506618308
15.5	5.0	0.645833333333	0.208333333333	0.883637919185	0.406116431034
8.0	10.0	0.5	0.625	0.707106781187	1.11102430216
11.5	11.25	0.766666666667	0.75	1.57973274814	1.36930639376
24.25	14.0	1.10227272727	0.636363636364	1.39532313565	1.15975916565
12.0	15.0	0.6	0.75	0.663324958071	0.993730345718
3	7	0.2	0.466666666667	0.4	0.618241233033
8.0	7.0	0.615384615385	0.538461538462	0.711278538804	0.634323942403
10.5	8.0	0.75	0.571428571429	0.619619699032	0.494871659305
9.0	4.5	0.6	0.3	0.89814623902	0.439696865276
4	3	0.266666666667	0.2	0.442216638714	0.4
11.125	15.5	0.654411764706	0.911764705882	0.886509816065	1.41665818574
8.75	6.0	0.460526315789	0.315789473684	0.911415750555	0.63267448843
4	1	0.4	0.1	0.489897948557	0.3
6.0	8.0	0.375	0.5	0.484122918276	1.06066017178
5.5	8.0	0.366666666667	0.533333333333	0.825967446224	0.80553639824
5	4	0.5	0.4	0.80622577483	0.916515138991
3	1	0.428571428571	0.142857142857	0.728431359085	0.349927106112
3	19	0.5	3.16666666667	0.763762615826	3.02305952454
9.5	10.5	0.633333333333	0.7	0.64463598686	0.852447456836
2.0	11.25	0.111111111111	0.625	0.314269680527	0.528690730852
6.8125	9.5	0.756944444444	1.05555555556	1.29784959847	1.08511249915
8.25	17.5	0.515625	1.09375	0.782966863523	1.12108694467
1.0	3.5	0.125	0.4375	0.330718913883	0.582961190818
7	12	0.333333333333	0.571428571429	0.471404520791	0.903507902905
5.5	13.0	0.22	0.52	0.530659966457	0.741350119714
3.25	6.0	0.216666666667	0.4	0.436526695124	0.663324958071
9.0	8.875	0.529411764706	0.522058823529	1.02139737378	0.742901820019
10.25	5.0	1.13888888889	0.555555555556	0.171233722305	0.831479419283
9.0	7.0	0.692307692308	0.538461538462	0.910166120477	0.745796901141
9.75	25.25	0.263513513514	0.682432432432	0.526160063079	1.37380002755
43.375	28.75	0.471467391304	0.3125	0.758579385245	0.554900353373
6.5	16.75	0.151162790698	0.389534883721	0.438481572906	0.669741197806
18.5	21.75	0.440476190476	0.517857142857	0.733569071572	0.85285385259
11.5	10.5	0.46	0.42	1.03846039886	0.577581163128
3.25	4.0	0.40625	0.5	0.529408573316	0.5
40.25	32.0	0.875	0.695652173913	1.6107232375	1.63679917253
5.5	2.0	0.5	0.181818181818	0.707106781187	0.38569460792
4.75	5.0	0.431818181818	0.454545454545	0.501031992842	0.655554777357
2.0	6.5	0.25	0.8125	0.433012701892	0.496078370825
3.0	5.5	0.166666666667	0.305555555556	0.37267799625	0.729133597134
20.0	24.25	0.363636363636	0.440909090909	0.606439275642	0.608581876847
9.5	5.0	0.791666666667	0.416666666667	0.74884169815	0.640095478989
6.5	6.0	0.270833333333	0.25	0.558628653241	0.829156197589
7.0	2.5	0.777777777778	0.277777777778	1.22726233524	0.532870169257
7.0	8.5	0.35	0.425	0.476969600708	0.53091901454
4	3	0.285714285714	0.214285714286	0.699854212224	0.410325903324
2	12	0.2	1.2	0.4	0.748331477355
4.0	7.0	0.571428571429	1.0	0.728431359085	0.755928946018
27.5	26.5	0.316091954023	0.304597701149	0.607022801219	0.635882597054
1	4	0.142857142857	0.571428571429	0.349927106112	1.04978131834
4	4	0.25	0.25	0.433012701892	0.433012701892
5.5	3.25	0.366666666667	0.216666666667	0.64463598686	0.436526695124
2.0	11.5	0.0869565217391	0.5	0.281771334713	0.79399923338
3.0	4.0	0.3	0.4	0.640312423743	0.489897948557
0.0	7.5	0.0	0.535714285714	0.0	0.667197917581
9.75	9.5	0.232142857143	0.22619047619	0.489146660811	0.514114830516
4	6	0.8	1.2	1.16619037897	1.46969384567
5.0	11.75	0.238095238095	0.559523809524	0.42591771	0.621560832486
25.0	11.25	0.471698113208	0.212264150943	0.982944624727	0.459173340515
10.75	25.0	0.488636363636	1.13636363636	0.751805677592	1.4474257571
5.0	9.5	0.238095238095	0.452380952381	0.525969572247	0.615373713491
2.0	8.0	0.2	0.8	0.4	0.714142842854
9.5	6.875	0.633333333333	0.458333333333	1.04029910229	0.700694100319
7.5	9.5	0.375	0.475	0.609815545883	0.621992765231
4.25	6.0	0.386363636364	0.545454545455	0.515262911307	0.619917349863
2.0	10.5	0.142857142857	0.75	0.515078753638	0.818317088385
11.3125	10.0	0.514204545455	0.454545454545	0.877417888661	0.619917349863
20.75	35.25	0.461111111111	0.783333333333	0.846488753544	1.12001984109
3.5	1.0	0.7	0.2	1.4	0.4
19.25	19.75	1.06944444444	1.09722222222	1.74762846364	2.20973051538
2	7	0.153846153846	0.538461538462	0.360801212294	0.745796901141
9.75	28.75	0.191176470588	0.563725490196	0.418881082188	0.793421384431
7.5	9.5	0.3	0.38	0.632455532034	0.587877538268
14.625	10.5	0.664772727273	0.477272727273	0.694321901493	0.527155159307
10.25	5.0	0.602941176471	0.294117647059	1.42214322397	0.455645099554
7.0	7.0	0.411764705882	0.411764705882	0.790295814267	0.574847655462
7.5	9.25	0.576923076923	0.711538461538	1.10673035153	1.38621702238
8.0	14.5	0.470588235294	0.852941176471	0.775935644604	1.1570081331
18.0	45.5	0.382978723404	0.968085106383	0.786946468464	1.26912708868
6.0	7.0	0.24	0.28	0.427083130081	0.530659966457
4.5	7.5	0.346153846154	0.576923076923	0.532938710021	0.729756383116
0.0	12.5	0.0	0.625	0.0	0.87856416954
4.0	5.5	0.4	0.55	0.916515138991	0.72284161474
9.5	14.0	0.730769230769	1.07692307692	0.638971066378	1.20649131857
8.5	13.5	0.653846153846	1.03846153846	1.16659622216	2.89868364329
7.0	14.25	0.25	0.508928571429	0.574767033551	0.689468425081
7.5	6.875	0.681818181818	0.625	0.805456597576	0.751891554076
1	6	0.0769230769231	0.461538461538	0.266469355011	0.634323942403
4.0	39.5	0.266666666667	2.63333333333	0.442216638714	4.6920736946
9.25	7.0	0.513888888889	0.388888888889	0.615044161819	0.487498021522
3.0	17.75	0.157894736842	0.934210526316	0.364642275278	0.992876288416
0.0	6.5	0.0	0.5	0.0	0.554700196225
4.0	10.5	0.266666666667	0.7	0.573488351136	0.791622805803
2.0	8.5	0.181818181818	0.772727272727	0.38569460792	0.938171247298
10	12	0.263157894737	0.315789473684	0.49652532274	0.566859453383
2.5	4.0	0.277777777778	0.444444444444	0.532870169257	0.684934889219
5	9	0.238095238095	0.428571428571	0.525969572247	0.791107034564
2.25	3.5	0.75	1.16666666667	0.540061724867	0.849836585599
7.5	11.5	0.441176470588	0.676470588235	0.802245982176	0.95395733766
4.5	7.25	0.166666666667	0.268518518519	0.408248290464	0.596773446086
4.0	1.75	0.666666666667	0.291666666667	0.7453559925	0.418744817547
4	5	0.666666666667	0.833333333333	0.7453559925	0.687184270936
2.0	6.5	0.111111111111	0.361111111111	0.314269680527	0.846652814118
9.25	23.5	0.237179487179	0.602564102564	0.490122688554	0.64974834556
2.0	6.5	0.2	0.65	0.6	0.708872343938
0.0	7.25	0.0	0.557692307692	0.0	0.556032011338
0.0	10.5	0.0	0.875	0.0	0.960143218484
12.25	27.5	0.360294117647	0.808823529412	0.546348764361	0.89946639314
6.0	26.5	0.333333333333	1.47222222222	1.15470053838	1.9037406323
1	5	0.166666666667	0.833333333333	0.37267799625	1.06718737291
5	9	0.625	1.125	0.85695682505	1.26861144564
14.0	13.25	0.378378378378	0.358108108108	0.537831047085	0.553064376478
1.0	6.25	0.166666666667	1.04166666667	0.37267799625	0.961949698385
8.5	16.5	0.404761904762	0.785714285714	0.624290981054	0.835541292637
8	11	0.533333333333	0.733333333333	1.74610678049	1.76886655486
6	13	0.5	1.08333333333	0.763762615826	1.25554326444
4.0	16.25	0.181818181818	0.738636363636	0.38569460792	0.989941667035
7.5	13.25	0.192307692308	0.339743589744	0.385895306238	0.544456855579
3	7	0.142857142857	0.333333333333	0.349927106112	0.471404520791
15.0	6.25	1.25	0.520833333333	2.5860201082	0.524983465348
2.75	8.5	0.25	0.772727272727	0.533001790889	0.779383099976
10.75	13.5	0.467391304348	0.586956521739	1.05887642417	0.892628920333
2	0	0.222222222222	0.0	0.415739709642	0.0
17.75	11.0	0.44375	0.275	0.89702198273	0.547151715706
1.0	6.5	0.111111111111	0.722222222222	0.314269680527	0.532870169257
0.0	15.75	0.0	0.926470588235	0.0	1.04587672863
10.0	19.25	0.526315789474	1.01315789474	1.0447070127	1.59867067354
3.0	14.5	0.0810810810811	0.391891891892	0.272959592929	0.605550175741
3.0	9.5	0.142857142857	0.452380952381	0.349927106112	0.754427596084
3	4	0.1875	0.25	0.3903123749	0.433012701892
8	6	0.8	0.6	2.08806130178	0.8
18.0	27.5	0.352941176471	0.539215686275	0.628522369601	0.712927802459
5.0	4.5	0.454545454545	0.409090909091	0.655554777357	0.467983188227
5.0	22.515625	0.227272727273	1.0234375	0.669587266484	1.41928734005
6	4	0.5	0.333333333333	0.645497224368	0.471404520791
